<?xml version="1.0"?>
<opencv_storage>
<m_k type_id="opencv-matrix">
  <rows>3</rows>
  <cols>3</cols>
  <dt>d</dt>
  <data>
    4.4052080078125000e+03 0. 1.2337128906250000e+03 0.
    4.4054458007812500e+03 9.8681567382812500e+02 0. 0. 1.</data></m_k>
<m_discoeff type_id="opencv-matrix">
  <rows>1</rows>
  <cols>5</cols>
  <dt>d</dt>
  <data>
    -1.8039985814288301e-02 1.2497266342502147e-01
    1.0703103405913908e-05 2.4036235592550769e-05
    -2.6438143409601883e-01</data></m_discoeff>
<m_rotMatrix type_id="opencv-matrix">
  <rows>3</rows>
  <cols>3</cols>
  <dt>d</dt>
  <data>
    -2.8378557084572337e-01 -9.0985547557282542e-01
    -3.0270243367028715e-01 8.6334172167244727e-01
    -3.7981198340986994e-01 3.3224076943974717e-01
    -4.1726109499858899e-01 -1.6705050382566450e-01
    8.9330135328016258e-01</data></m_rotMatrix>
<m_transMatrix type_id="opencv-matrix">
  <rows>3</rows>
  <cols>1</cols>
  <dt>f</dt>
  <data>
    1.15458649e+02 -3.27907181e+01 6.01824280e+02</data></m_transMatrix>
<m_r_transformMatrix type_id="opencv-matrix">
  <rows>3</rows>
  <cols>3</cols>
  <dt>d</dt>
  <data>
    1. 1.7006348747083961e-13 -1.2061266041519031e-12
    -1.7006348747083961e-13 1. 7.8897275141835352e-13
    1.2061266041519031e-12 -7.8897275141835352e-13 1.</data></m_r_transformMatrix>
<m_t_transformMatrix type_id="opencv-matrix">
  <rows>3</rows>
  <cols>1</cols>
  <dt>d</dt>
  <data>
    6.6073294211799836e-10 -4.3880341425716316e-10
    -1.3154809517129760e-10</data></m_t_transformMatrix>
 <!-- resumed -->

<RotateMatSet>
  <_ type_id="opencv-matrix">
    <rows>4</rows>
    <cols>4</cols>
    <dt>f</dt>
    <data>
      1. 0. 0. 0. 0. 1. 0. 0. 0. 0. 1. 0. 0. 0. 0. 1.</data></_>
  <_ type_id="opencv-matrix">
    <rows>4</rows>
    <cols>4</cols>
    <dt>f</dt>
    <data>
      9.99847770e-01 -1.56990550e-02 7.62397749e-03 -4.64430761e+00
      1.56988017e-02 9.99876857e-01 9.32580442e-05 -4.42987941e-02
      -7.62450183e-03 2.64316950e-05 9.99971032e-01 1.16290450e-02 0. 0.
      0. 1.</data></_>
  <_ type_id="opencv-matrix">
    <rows>4</rows>
    <cols>4</cols>
    <dt>f</dt>
    <data>
      9.99390960e-01 -3.13935876e-02 1.52451098e-02 -9.28712463e+00
      3.13925706e-02 9.99507248e-01 3.06189206e-04 -1.61501110e-01
      -1.52472071e-02 1.72556858e-04 9.99883950e-01 5.86671159e-02 0. 0.
      0. 1.</data></_>
  <_ type_id="opencv-matrix">
    <rows>4</rows>
    <cols>4</cols>
    <dt>f</dt>
    <data>
      9.98629808e-01 -4.70788144e-02 2.28610747e-02 -1.39270363e+01
      4.70765233e-02 9.98891294e-01 6.38728670e-04 -3.51571262e-01
      -2.28657946e-02 4.38330986e-04 9.99738753e-01 1.41099900e-01 0. 0.
      0. 1.</data></_>
  <_ type_id="opencv-matrix">
    <rows>4</rows>
    <cols>4</cols>
    <dt>f</dt>
    <data>
      9.97564375e-01 -6.27499521e-02 3.04695554e-02 -1.85626297e+01
      6.27458841e-02 9.98029232e-01 1.09077513e-03 -6.14451349e-01
      -3.04779410e-02 8.23673210e-04 9.99535501e-01 2.58902282e-01 0. 0.
      0. 1.</data></_>
  <_ type_id="opencv-matrix">
    <rows>4</rows>
    <cols>4</cols>
    <dt>f</dt>
    <data>
      9.96195138e-01 -7.84022361e-02 3.80682312e-02 -2.31924915e+01
      7.83958808e-02 9.96921301e-01 1.66219100e-03 -9.50061381e-01
      -3.80813293e-02 1.32846599e-03 9.99274254e-01 4.12038386e-01 0. 0.
      0. 1.</data></_>
  <_ type_id="opencv-matrix">
    <rows>4</rows>
    <cols>4</cols>
    <dt>f</dt>
    <data>
      9.94522452e-01 -9.40308943e-02 4.56547849e-02 -2.78152122e+01
      9.40217450e-02 9.95567799e-01 2.35280255e-03 -1.35829914e+00
      -4.56736460e-02 1.95255573e-03 9.98955071e-01 6.00461543e-01 0. 0.
      0. 1.</data></_>
  <_ type_id="opencv-matrix">
    <rows>4</rows>
    <cols>4</cols>
    <dt>f</dt>
    <data>
      9.92546797e-01 -1.09631166e-01 5.32269068e-02 -3.24293823e+01
      1.09618716e-01 9.93969202e-01 3.16239893e-03 -1.83904016e+00
      -5.32525778e-02 2.69575231e-03 9.98578131e-01 8.24114442e-01 0. 0.
      0. 1.</data></_>
  <_ type_id="opencv-matrix">
    <rows>4</rows>
    <cols>4</cols>
    <dt>f</dt>
    <data>
      9.90268826e-01 -1.25198305e-01 6.07822947e-02 -3.70335999e+01
      1.25182047e-01 9.92125928e-01 4.09073336e-03 -2.39213824e+00
      -6.08158112e-02 3.55782965e-03 9.98143494e-01 1.08292890e+00 0. 0.
      0. 1.</data></_>
  <_ type_id="opencv-matrix">
    <rows>4</rows>
    <cols>4</cols>
    <dt>f</dt>
    <data>
      9.87689197e-01 -1.40727565e-01 6.83186427e-02 -4.16264572e+01
      1.40706986e-01 9.90038633e-01 5.13752364e-03 -3.01742458e+00
      -6.83610439e-02 4.53852490e-03 9.97651279e-01 1.37682605e+00 0. 0.
      0. 1.</data></_>
  <_ type_id="opencv-matrix">
    <rows>4</rows>
    <cols>4</cols>
    <dt>f</dt>
    <data>
      9.84808683e-01 -1.56214207e-01 7.58336633e-02 -4.62065582e+01
      1.56188816e-01 9.87707913e-01 6.30245078e-03 -3.71470904e+00
      -7.58859813e-02 5.63753955e-03 9.97101605e-01 1.70571637e+00 0. 0.
      0. 1.</data></_>
  <_ type_id="opencv-matrix">
    <rows>4</rows>
    <cols>4</cols>
    <dt>f</dt>
    <data>
      9.81628180e-01 -1.71653539e-01 8.33250582e-02 -5.07725067e+01
      1.71622813e-01 9.85134423e-01 7.58515997e-03 -4.48377848e+00
      -8.33883286e-02 6.85453834e-03 9.96494651e-01 2.06949997e+00 0. 0.
      0. 1.</data></_>
  <_ type_id="opencv-matrix">
    <rows>4</rows>
    <cols>4</cols>
    <dt>f</dt>
    <data>
      9.78148699e-01 -1.87040821e-01 9.07905474e-02 -5.53229141e+01
      1.87004298e-01 9.82319057e-01 8.98526050e-03 -5.32439947e+00
      -9.08658057e-02 8.18915106e-03 9.95830715e-01 2.46806574e+00 0. 0.
      0. 1.</data></_>
  <_ type_id="opencv-matrix">
    <rows>4</rows>
    <cols>4</cols>
    <dt>f</dt>
    <data>
      9.74371254e-01 -2.02371389e-01 9.82278585e-02 -5.98563919e+01
      2.02328563e-01 9.79262590e-01 1.05023263e-02 -6.23631573e+00
      -9.83161330e-02 9.64097120e-03 9.95109856e-01 2.90129232e+00 0. 0.
      0. 1.</data></_>
  <_ type_id="opencv-matrix">
    <rows>4</rows>
    <cols>4</cols>
    <dt>f</dt>
    <data>
      9.70296919e-01 -2.17640579e-01 1.05634727e-01 -6.43715668e+01
      2.17590943e-01 9.75965917e-01 1.21358940e-02 -7.21924925e+00
      -1.05737031e-01 1.12095568e-02 9.94332373e-01 3.36904764e+00 0. 0.
      0. 1.</data></_>
  <_ type_id="opencv-matrix">
    <rows>4</rows>
    <cols>4</cols>
    <dt>f</dt>
    <data>
      9.65927064e-01 -2.32843742e-01 1.13008894e-01 -6.88670578e+01
      2.32786790e-01 9.72430110e-01 1.38854682e-02 -8.27290249e+00
      -1.13126248e-01 1.28944293e-02 9.93498504e-01 3.87118959e+00 0. 0.
      0. 1.</data></_>
  <_ type_id="opencv-matrix">
    <rows>4</rows>
    <cols>4</cols>
    <dt>f</dt>
    <data>
      9.61263001e-01 -2.47976229e-01 1.20348111e-01 -7.33414993e+01
      2.47911468e-01 9.68656182e-01 1.57505143e-02 -9.39695168e+00
      -1.20481528e-01 1.46950763e-02 9.92608428e-01 4.40756512e+00 0. 0.
      0. 1.</data></_>
  <_ type_id="opencv-matrix">
    <rows>4</rows>
    <cols>4</cols>
    <dt>f</dt>
    <data>
      9.56306100e-01 -2.63033450e-01 1.27650142e-01 -7.77935257e+01
      2.62960374e-01 9.64645326e-01 1.77304652e-02 -1.05910568e+01
      -1.27800643e-01 1.66109484e-02 9.91662502e-01 4.97801065e+00 0. 0.
      0. 1.</data></_>
  <_ type_id="opencv-matrix">
    <rows>4</rows>
    <cols>4</cols>
    <dt>f</dt>
    <data>
      9.51057971e-01 -2.78010786e-01 1.34912774e-01 -8.22217789e+01
      2.77928919e-01 9.60398793e-01 1.98247172e-02 -1.18548517e+01
      -1.35081351e-01 1.86414644e-02 9.90660965e-01 5.58235264e+00 0. 0.
      0. 1.</data></_>
  <_ type_id="opencv-matrix">
    <rows>4</rows>
    <cols>4</cols>
    <dt>f</dt>
    <data>
      9.45520103e-01 -2.92903692e-01 1.42133787e-01 -8.66249008e+01
      2.92812556e-01 9.55917835e-01 2.20326316e-02 -1.31879530e+01
      -1.42321423e-01 2.07860023e-02 9.89604175e-01 6.22040701e+00 0. 0.
      0. 1.</data></_>
  <_ type_id="opencv-matrix">
    <rows>4</rows>
    <cols>4</cols>
    <dt>f</dt>
    <data>
      9.39694226e-01 -3.07707667e-01 1.49310991e-01 -9.10015640e+01
      3.07606757e-01 9.51203823e-01 2.43535358e-02 -1.45899553e+01
      -1.49518669e-01 2.30439119e-02 9.88492370e-01 6.89197922e+00 0. 0.
      0. 1.</data></_>
  <_ type_id="opencv-matrix">
    <rows>4</rows>
    <cols>4</cols>
    <dt>f</dt>
    <data>
      9.33582127e-01 -3.22418123e-01 1.56442180e-01 -9.53504257e+01
      3.22306991e-01 9.46258187e-01 2.67867241e-02 -1.60604286e+01
      -1.56670898e-01 2.54145041e-02 9.87325966e-01 7.59686470e+00 0. 0.
      0. 1.</data></_>
  <_ type_id="opencv-matrix">
    <rows>4</rows>
    <cols>4</cols>
    <dt>f</dt>
    <data>
      9.27185655e-01 -3.37030649e-01 1.63525194e-01 -9.96701660e+01
      3.36908817e-01 9.41082478e-01 2.93314569e-02 -1.75989285e+01
      -1.63775936e-01 2.78970562e-02 9.86105263e-01 8.33484840e+00 0. 0.
      0. 1.</data></_>
  <_ type_id="opencv-matrix">
    <rows>4</rows>
    <cols>4</cols>
    <dt>f</dt>
    <data>
      9.20506775e-01 -3.51540744e-01 1.70557857e-01 -1.03959473e+02
      3.51407766e-01 9.35678244e-01 3.19869593e-02 -1.92049847e+01
      -1.70831621e-01 3.04908138e-02 9.84830678e-01 9.10570621e+00 0. 0.
      0. 1.</data></_>
  <_ type_id="opencv-matrix">
    <rows>4</rows>
    <cols>4</cols>
    <dt>f</dt>
    <data>
      9.13547456e-01 -3.65944028e-01 1.77538052e-01 -1.08217041e+02
      3.65799397e-01 9.30047095e-01 3.47524174e-02 -2.08781090e+01
      -1.77835792e-01 3.31949852e-02 9.83502567e-01 9.90920258e+00 0. 0.
      0. 1.</data></_>
  <_ type_id="opencv-matrix">
    <rows>4</rows>
    <cols>4</cols>
    <dt>f</dt>
    <data>
      9.06309843e-01 -3.80236119e-01 1.84463650e-01 -1.12441566e+02
      3.80079389e-01 9.24190819e-01 3.76269929e-02 -2.26177883e+01
      -1.84786320e-01 3.60087492e-02 9.82121348e-01 1.07450943e+01 0. 0.
      0. 1.</data></_>
  <_ type_id="opencv-matrix">
    <rows>4</rows>
    <cols>4</cols>
    <dt>f</dt>
    <data>
      8.98796141e-01 -3.94412637e-01 1.91332534e-01 -1.16631760e+02
      3.94243360e-01 9.18111145e-01 4.06098068e-02 -2.44234982e+01
      -1.91681087e-01 3.89312431e-02 9.80687439e-01 1.16131258e+01 0. 0.
      0. 1.</data></_>
  <_ type_id="opencv-matrix">
    <rows>4</rows>
    <cols>4</cols>
    <dt>f</dt>
    <data>
      8.91008675e-01 -4.08469260e-01 1.98142603e-01 -1.20786354e+02
      4.08286959e-01 9.11809921e-01 4.36999537e-02 -2.62946835e+01
      -1.98517978e-01 4.19615805e-02 9.79201257e-01 1.25130320e+01 0. 0.
      0. 1.</data></_>
  <_ type_id="opencv-matrix">
    <rows>4</rows>
    <cols>4</cols>
    <dt>f</dt>
    <data>
      8.82949829e-01 -4.22401726e-01 2.04891801e-01 -1.24904076e+02
      4.22205955e-01 9.05289054e-01 4.68964912e-02 -2.82307758e+01
      -2.05294937e-01 4.50988412e-02 9.77663279e-01 1.34445391e+01 0. 0.
      0. 1.</data></_>
  <_ type_id="opencv-matrix">
    <rows>4</rows>
    <cols>4</cols>
    <dt>f</dt>
    <data>
      8.74622047e-01 -4.36205775e-01 2.11578056e-01 -1.28983673e+02
      4.35996056e-01 8.98550630e-01 5.01984507e-02 -3.02311878e+01
      -2.12009877e-01 4.83420640e-02 9.76073980e-01 1.44073639e+01 0. 0.
      0. 1.</data></_>
  <_ type_id="opencv-matrix">
    <rows>4</rows>
    <cols>4</cols>
    <dt>f</dt>
    <data>
      8.66027832e-01 -4.49877203e-01 2.18199357e-01 -1.33023895e+02
      4.49653119e-01 8.91596615e-01 5.36048189e-02 -3.22953110e+01
      -2.18660772e-01 5.16902655e-02 9.74433899e-01 1.54012127e+01 0. 0.
      0. 1.</data></_>
  <_ type_id="opencv-matrix">
    <rows>4</rows>
    <cols>4</cols>
    <dt>f</dt>
    <data>
      8.57169747e-01 -4.63411868e-01 2.24753663e-01 -1.37023529e+02
      4.63172972e-01 8.84429097e-01 5.71145602e-02 -3.44225082e+01
      -2.25245580e-01 5.51424250e-02 9.72743392e-01 1.64257832e+01 0. 0.
      0. 1.</data></_>
  <_ type_id="opencv-matrix">
    <rows>4</rows>
    <cols>4</cols>
    <dt>f</dt>
    <data>
      8.48050654e-01 -4.76805627e-01 2.31238976e-01 -1.40981339e+02
      4.76551443e-01 8.77050340e-01 6.07266054e-02 -3.66121407e+01
      -2.31762305e-01 5.86974882e-02 9.71003056e-01 1.74807644e+01 0. 0.
      0. 1.</data></_>
  <_ type_id="opencv-matrix">
    <rows>4</rows>
    <cols>4</cols>
    <dt>f</dt>
    <data>
      8.38673174e-01 -4.90054369e-01 2.37653345e-01 -1.44896118e+02
      4.89784539e-01 8.69462550e-01 6.44398555e-02 -3.88635406e+01
      -2.38208950e-01 6.23543784e-02 9.69213426e-01 1.85658321e+01 0. 0.
      0. 1.</data></_>
  <_ type_id="opencv-matrix">
    <rows>4</rows>
    <cols>4</cols>
    <dt>f</dt>
    <data>
      8.29040229e-01 -5.03154099e-01 2.43994787e-01 -1.48766693e+02
      5.02868176e-01 8.61668050e-01 6.82531819e-02 -4.11760178e+01
      -2.44583577e-01 6.61119744e-02 9.67375040e-01 1.96806564e+01 0. 0.
      0. 1.</data></_>
  <_ type_id="opencv-matrix">
    <rows>4</rows>
    <cols>4</cols>
    <dt>f</dt>
    <data>
      8.19154799e-01 -5.16100883e-01 2.50261366e-01 -1.52591888e+02
      5.15798330e-01 8.53669167e-01 7.21654221e-02 -4.35488739e+01
      -2.50884235e-01 6.99691325e-02 9.65488493e-01 2.08248997e+01 0. 0.
      0. 1.</data></_>
  <_ type_id="opencv-matrix">
    <rows>4</rows>
    <cols>4</cols>
    <dt>f</dt>
    <data>
      8.09019864e-01 -5.28890669e-01 2.56451219e-01 -1.56370529e+02
      5.28571129e-01 8.45468342e-01 7.61753768e-02 -4.59813766e+01
      -2.57108986e-01 7.39246830e-02 9.63554323e-01 2.19982128e+01 0. 0.
      0. 1.</data></_>
  <_ type_id="opencv-matrix">
    <rows>4</rows>
    <cols>4</cols>
    <dt>f</dt>
    <data>
      7.98638463e-01 -5.41519582e-01 2.62562424e-01 -1.60101456e+02
      5.41182697e-01 8.37068200e-01 8.02818313e-02 -4.84727936e+01
      -2.63255924e-01 7.79774189e-02 9.61573124e-01 2.32002373e+01 0. 0.
      0. 1.</data></_>
  <_ type_id="opencv-matrix">
    <rows>4</rows>
    <cols>4</cols>
    <dt>f</dt>
    <data>
      7.88013756e-01 -5.53983808e-01 2.68593132e-01 -1.63783539e+02
      5.53629160e-01 8.28471184e-01 8.44835341e-02 -5.10223618e+01
      -2.69323200e-01 8.21261033e-02 9.59545493e-01 2.44306068e+01 0. 0.
      0. 1.</data></_>
  <_ type_id="opencv-matrix">
    <rows>4</rows>
    <cols>4</cols>
    <dt>f</dt>
    <data>
      7.77149022e-01 -5.66279531e-01 2.74541467e-01 -1.67415634e+02
      5.65906763e-01 8.19679916e-01 8.87792110e-02 -5.36293068e+01
      -2.75308967e-01 8.63694772e-02 9.57472086e-01 2.56889477e+01 0. 0.
      0. 1.</data></_>
  <_ type_id="opencv-matrix">
    <rows>4</rows>
    <cols>4</cols>
    <dt>f</dt>
    <data>
      7.66047537e-01 -5.78403115e-01 2.80405700e-01 -1.70996674e+02
      5.78011692e-01 8.10697138e-01 9.31675509e-02 -5.62928314e+01
      -2.81211406e-01 9.07062367e-02 9.55353498e-01 2.69748764e+01 0. 0.
      0. 1.</data></_>
  <_ type_id="opencv-matrix">
    <rows>4</rows>
    <cols>4</cols>
    <dt>f</dt>
    <data>
      7.54712760e-01 -5.90350747e-01 2.86183983e-01 -1.74525543e+02
      5.89940310e-01 8.01525533e-01 9.76472050e-02 -5.90121307e+01
      -2.87028730e-01 9.51350704e-02 9.53190327e-01 2.82880001e+01 0. 0.
      0. 1.</data></_>
  <_ type_id="opencv-matrix">
    <rows>4</rows>
    <cols>4</cols>
    <dt>f</dt>
    <data>
      7.43148029e-01 -6.02118731e-01 2.91874528e-01 -1.78001175e+02
      6.01688981e-01 7.92167902e-01 1.02216817e-01 -6.17863655e+01
      -2.92759120e-01 9.96546298e-02 9.50983286e-01 2.96279202e+01 0. 0.
      0. 1.</data></_>
  <_ type_id="opencv-matrix">
    <rows>4</rows>
    <cols>4</cols>
    <dt>f</dt>
    <data>
      7.31356919e-01 -6.13703549e-01 2.97475666e-01 -1.81422516e+02
      6.13254130e-01 7.82627106e-01 1.06874995e-01 -6.46146927e+01
      -2.98400849e-01 1.04263544e-01 9.48733032e-01 3.09942284e+01 0. 0.
      0. 1.</data></_>
  <_ type_id="opencv-matrix">
    <rows>4</rows>
    <cols>4</cols>
    <dt>f</dt>
    <data>
      7.19343066e-01 -6.25101745e-01 3.02985638e-01 -1.84788513e+02
      6.24632180e-01 7.72906005e-01 1.11620322e-01 -6.74962540e+01
      -3.03952217e-01 1.08960398e-01 9.46440279e-01 3.23865051e+01 0. 0.
      0. 1.</data></_>
  <_ type_id="opencv-matrix">
    <rows>4</rows>
    <cols>4</cols>
    <dt>f</dt>
    <data>
      7.07110107e-01 -6.36309743e-01 3.08402807e-01 -1.88098129e+02
      6.35819733e-01 7.63007581e-01 1.16451345e-01 -7.04301758e+01
      -3.09411556e-01 1.13743760e-01 9.44105685e-01 3.38043289e+01 0. 0.
      0. 1.</data></_>
  <_ type_id="opencv-matrix">
    <rows>4</rows>
    <cols>4</cols>
    <dt>f</dt>
    <data>
      6.94661736e-01 -6.47324204e-01 3.13725531e-01 -1.91350388e+02
      6.46813333e-01 7.52934933e-01 1.21366598e-01 -7.34155655e+01
      -3.14777136e-01 1.18612178e-01 9.41729963e-01 3.52472687e+01 0. 0.
      0. 1.</data></_>
  <_ type_id="opencv-matrix">
    <rows>4</rows>
    <cols>4</cols>
    <dt>f</dt>
    <data>
      6.82001770e-01 -6.58141732e-01 3.18952143e-01 -1.94544281e+02
      6.57609701e-01 7.42691040e-01 1.26364589e-01 -7.64515076e+01
      -3.20047379e-01 1.23564169e-01 9.39313889e-01 3.67148857e+01 0. 0.
      0. 1.</data></_>
  <_ type_id="opencv-matrix">
    <rows>4</rows>
    <cols>4</cols>
    <dt>f</dt>
    <data>
      6.69134080e-01 -6.68759048e-01 3.24081123e-01 -1.97678848e+02
      6.68205440e-01 7.32279062e-01 1.31443799e-01 -7.95370789e+01
      -3.25220644e-01 1.28598228e-01 9.36858118e-01 3.82067299e+01 0. 0.
      0. 1.</data></_>
  <_ type_id="opencv-matrix">
    <rows>4</rows>
    <cols>4</cols>
    <dt>f</dt>
    <data>
      6.56062543e-01 -6.79172873e-01 3.29110831e-01 -2.00753113e+02
      6.78597391e-01 7.21702158e-01 1.36602670e-01 -8.26713333e+01
      -3.30295384e-01 1.33712813e-01 9.34363544e-01 3.97223511e+01 0. 0.
      0. 1.</data></_>
  <_ type_id="opencv-matrix">
    <rows>4</rows>
    <cols>4</cols>
    <dt>f</dt>
    <data>
      6.42791152e-01 -6.89380109e-01 3.34039748e-01 -2.03766144e+02
      6.88782394e-01 7.10963547e-01 1.41839638e-01 -8.58533249e+01
      -3.35270017e-01 1.38906375e-01 9.31830764e-01 4.12612839e+01 0. 0.
      0. 1.</data></_>
  <_ type_id="opencv-matrix">
    <rows>4</rows>
    <cols>4</cols>
    <dt>f</dt>
    <data>
      6.29323959e-01 -6.99377596e-01 3.38866413e-01 -2.06717041e+02
      6.98757350e-01 7.00066507e-01 1.47153094e-01 -8.90820847e+01
      -3.40143055e-01 1.44177318e-01 9.29260612e-01 4.28230629e+01 0. 0.
      0. 1.</data></_>
  <_ type_id="opencv-matrix">
    <rows>4</rows>
    <cols>4</cols>
    <dt>f</dt>
    <data>
      6.15665138e-01 -7.09162295e-01 3.43589336e-01 -2.09604904e+02
      7.08519220e-01 6.89014375e-01 1.52541429e-01 -9.23566284e+01
      -3.44913006e-01 1.49524048e-01 9.26653862e-01 4.44072113e+01 0. 0.
      0. 1.</data></_>
  <_ type_id="opencv-matrix">
    <rows>4</rows>
    <cols>4</cols>
    <dt>f</dt>
    <data>
      6.01818740e-01 -7.18731284e-01 3.48207057e-01 -2.12428833e+02
      7.18064964e-01 6.77810431e-01 1.58002988e-01 -9.56759491e+01
      -3.49578440e-01 1.54944927e-01 9.24011350e-01 4.60132446e+01 0. 0.
      0. 1.</data></_>
  <_ type_id="opencv-matrix">
    <rows>4</rows>
    <cols>4</cols>
    <dt>f</dt>
    <data>
      5.87788999e-01 -7.28081524e-01 3.52718174e-01 -2.15187973e+02
      7.27391720e-01 6.66458189e-01 1.63536131e-01 -9.90390549e+01
      -3.54137897e-01 1.60438329e-01 9.21333849e-01 4.76406746e+01 0. 0.
      0. 1.</data></_>
  <_ type_id="opencv-matrix">
    <rows>4</rows>
    <cols>4</cols>
    <dt>f</dt>
    <data>
      5.73580265e-01 -7.37210214e-01 3.57121348e-01 -2.17881485e+02
      7.36496687e-01 6.54961050e-01 1.69139177e-01 -1.02444908e+02
      -3.58590007e-01 1.66002557e-01 9.18622196e-01 4.92890053e+01 0. 0.
      0. 1.</data></_>
  <_ type_id="opencv-matrix">
    <rows>4</rows>
    <cols>4</cols>
    <dt>f</dt>
    <data>
      5.59196770e-01 -7.46114671e-01 3.61415207e-01 -2.20508545e+02
      7.45377064e-01 6.43322587e-01 1.74810395e-01 -1.05892471e+02
      -3.62933397e-01 1.71635911e-01 9.15877223e-01 5.09577370e+01 0. 0.
      0. 1.</data></_>
  <_ type_id="opencv-matrix">
    <rows>4</rows>
    <cols>4</cols>
    <dt>f</dt>
    <data>
      5.44642985e-01 -7.54792035e-01 3.65598470e-01 -2.23068359e+02
      7.54030108e-01 6.31546319e-01 1.80548057e-01 -1.09380699e+02
      -3.67166758e-01 1.77336693e-01 9.13099706e-01 5.26463585e+01 0. 0.
      0. 1.</data></_>
  <_ type_id="opencv-matrix">
    <rows>4</rows>
    <cols>4</cols>
    <dt>f</dt>
    <data>
      5.29923260e-01 -7.63239801e-01 3.69669855e-01 -2.25560165e+02
      7.62453258e-01 6.19635701e-01 1.86350450e-01 -1.12908524e+02
      -3.71288806e-01 1.83103159e-01 9.10290480e-01 5.43543549e+01 0. 0.
      0. 1.</data></_>
  <_ type_id="opencv-matrix">
    <rows>4</rows>
    <cols>4</cols>
    <dt>f</dt>
    <data>
      5.15042126e-01 -7.71455348e-01 3.73628110e-01 -2.27983185e+02
      7.70643890e-01 6.07594490e-01 1.92215770e-01 -1.16474876e+02
      -3.75298291e-01 1.88933551e-01 9.07450497e-01 5.60812073e+01 0. 0.
      0. 1.</data></_>
  <_ type_id="opencv-matrix">
    <rows>4</rows>
    <cols>4</cols>
    <dt>f</dt>
    <data>
      5.00004113e-01 -7.79436171e-01 3.77472013e-01 -2.30336670e+02
      7.78599560e-01 5.95426381e-01 1.98142245e-01 -1.20078659e+02
      -3.79193991e-01 1.94826111e-01 9.04580593e-01 5.78263893e+01 0. 0.
      0. 1.</data></_>
  <_ type_id="opencv-matrix">
    <rows>4</rows>
    <cols>4</cols>
    <dt>f</dt>
    <data>
      4.84813750e-01 -7.87179768e-01 3.81200403e-01 -2.32619919e+02
      7.86317766e-01 5.83135009e-01 2.04128072e-01 -1.23718788e+02
      -3.82974684e-01 2.00779021e-01 9.01681542e-01 5.95893707e+01 0. 0.
      0. 1.</data></_>
  <_ type_id="opencv-matrix">
    <rows>4</rows>
    <cols>4</cols>
    <dt>f</dt>
    <data>
      4.69475716e-01 -7.94683933e-01 3.84812176e-01 -2.34832230e+02
      7.93796182e-01 5.70724130e-01 2.10171416e-01 -1.27394150e+02
      -3.86639267e-01 2.06790477e-01 8.98754358e-01 6.13696098e+01 0. 0.
      0. 1.</data></_>
  <_ type_id="opencv-matrix">
    <rows>4</rows>
    <cols>4</cols>
    <dt>f</dt>
    <data>
      4.53994691e-01 -8.01946223e-01 3.88306171e-01 -2.36972931e+02
      8.01032603e-01 5.58197558e-01 2.16270447e-01 -1.31103622e+02
      -3.90186608e-01 2.12858647e-01 8.95799875e-01 6.31665726e+01 0. 0.
      0. 1.</data></_>
  <_ type_id="opencv-matrix">
    <rows>4</rows>
    <cols>4</cols>
    <dt>f</dt>
    <data>
      4.38375354e-01 -8.08964491e-01 3.91681403e-01 -2.39041382e+02
      8.08024764e-01 5.45559108e-01 2.22423300e-01 -1.34846069e+02
      -3.93615633e-01 2.18981668e-01 8.92819047e-01 6.49797058e+01 0. 0.
      0. 1.</data></_>
  <_ type_id="opencv-matrix">
    <rows>4</rows>
    <cols>4</cols>
    <dt>f</dt>
    <data>
      4.22622472e-01 -8.15736592e-01 3.94936740e-01 -2.41036926e+02
      8.14770520e-01 5.32812595e-01 2.28628114e-01 -1.38620377e+02
      -3.96925241e-01 2.25157693e-01 8.89812708e-01 6.68084564e+01 0. 0.
      0. 1.</data></_>
  <_ type_id="opencv-matrix">
    <rows>4</rows>
    <cols>4</cols>
    <dt>f</dt>
    <data>
      4.06740844e-01 -8.22260499e-01 3.98071289e-01 -2.42958969e+02
      8.21267843e-01 5.19961894e-01 2.34882981e-01 -1.42425369e+02
      -4.00114477e-01 2.31384829e-01 8.86781812e-01 6.86522675e+01 0. 0.
      0. 1.</data></_>
  <_ type_id="opencv-matrix">
    <rows>4</rows>
    <cols>4</cols>
    <dt>f</dt>
    <data>
      3.90735298e-01 -8.28534186e-01 4.01084065e-01 -2.44806931e+02
      8.27514708e-01 5.07010937e-01 2.41186008e-01 -1.46259888e+02
      -4.03182387e-01 2.37661198e-01 8.83727252e-01 7.05105820e+01 0. 0.
      0. 1.</data></_>
  <_ type_id="opencv-matrix">
    <rows>4</rows>
    <cols>4</cols>
    <dt>f</dt>
    <data>
      3.74610782e-01 -8.34555745e-01 4.03974146e-01 -2.46580261e+02
      8.33509266e-01 4.93963718e-01 2.47535273e-01 -1.50122772e+02
      -4.06127989e-01 2.43984878e-01 8.80649984e-01 7.23828278e+01 0. 0.
      0. 1.</data></_>
  <_ type_id="opencv-matrix">
    <rows>4</rows>
    <cols>4</cols>
    <dt>f</dt>
    <data>
      3.58372122e-01 -8.40323329e-01 4.06740636e-01 -2.48278397e+02
      8.39249730e-01 4.80824113e-01 2.53928840e-01 -1.54012848e+02
      -4.08950418e-01 2.50353932e-01 8.77550900e-01 7.42684402e+01 0. 0.
      0. 1.</data></_>
  <_ type_id="opencv-matrix">
    <rows>4</rows>
    <cols>4</cols>
    <dt>f</dt>
    <data>
      3.42024297e-01 -8.45835209e-01 4.09382701e-01 -2.49900818e+02
      8.44734251e-01 4.67596173e-01 2.60364741e-01 -1.57928925e+02
      -4.11648810e-01 2.56766438e-01 8.74431014e-01 7.61668472e+01 0. 0.
      0. 1.</data></_>
  <_ type_id="opencv-matrix">
    <rows>4</rows>
    <cols>4</cols>
    <dt>f</dt>
    <data>
      3.25572312e-01 -8.51089656e-01 4.11899537e-01 -2.51447052e+02
      8.49961221e-01 4.54283923e-01 2.66841024e-01 -1.61869797e+02
      -4.14222330e-01 2.63220429e-01 8.71291220e-01 7.80774612e+01 0. 0.
      0. 1.</data></_>
  <_ type_id="opencv-matrix">
    <rows>4</rows>
    <cols>4</cols>
    <dt>f</dt>
    <data>
      3.09021115e-01 -8.56085122e-01 4.14290369e-01 -2.52916611e+02
      8.54929030e-01 4.40891445e-01 2.73355722e-01 -1.65834305e+02
      -4.16670173e-01 2.69713938e-01 8.68132532e-01 7.99997101e+01 0. 0.
      0. 1.</data></_>
  <_ type_id="opencv-matrix">
    <rows>4</rows>
    <cols>4</cols>
    <dt>f</dt>
    <data>
      2.92375833e-01 -8.60820115e-01 4.16554511e-01 -2.54309067e+02
      8.59636188e-01 4.27422792e-01 2.79906869e-01 -1.69821213e+02
      -4.18991625e-01 2.76244998e-01 8.64955842e-01 8.19329987e+01 0. 0.
      0. 1.</data></_>
  <_ type_id="opencv-matrix">
    <rows>4</rows>
    <cols>4</cols>
    <dt>f</dt>
    <data>
      2.75641471e-01 -8.65293086e-01 4.18691218e-01 -2.55623978e+02
      8.64081204e-01 4.13882077e-01 2.86492467e-01 -1.73829285e+02
      -4.21186000e-01 2.82811612e-01 8.61762166e-01 8.38767471e+01 0. 0.
      0. 1.</data></_>
  <_ type_id="opencv-matrix">
    <rows>4</rows>
    <cols>4</cols>
    <dt>f</dt>
    <data>
      2.58823127e-01 -8.69502783e-01 4.20699865e-01 -2.56860931e+02
      8.68262768e-01 4.00273412e-01 2.93110520e-01 -1.77857330e+02
      -4.23252612e-01 2.89411783e-01 8.58552456e-01 8.58303604e+01 0. 0.
      0. 1.</data></_>
  <_ type_id="opencv-matrix">
    <rows>4</rows>
    <cols>4</cols>
    <dt>f</dt>
    <data>
      2.41925955e-01 -8.73447895e-01 4.22579825e-01 -2.58019592e+02
      8.72179568e-01 3.86600971e-01 2.99759001e-01 -1.81904129e+02
      -4.25190806e-01 2.96043515e-01 8.55327725e-01 8.77932358e+01 0. 0.
      0. 1.</data></_>
  <_ type_id="opencv-matrix">
    <rows>4</rows>
    <cols>4</cols>
    <dt>f</dt>
    <data>
      2.24955082e-01 -8.77127111e-01 4.24330533e-01 -2.59099579e+02
      8.75830472e-01 3.72868896e-01 3.06435853e-01 -1.85968430e+02
      -4.27000016e-01 3.02704751e-01 8.52088869e-01 8.97647858e+01 0. 0.
      0. 1.</data></_>
  <_ type_id="opencv-matrix">
    <rows>4</rows>
    <cols>4</cols>
    <dt>f</dt>
    <data>
      2.07915679e-01 -8.80539477e-01 4.25951511e-01 -2.60100555e+02
      8.79214346e-01 3.59081358e-01 3.13139051e-01 -1.90048996e+02
      -4.28679675e-01 3.09393495e-01 8.48836958e-01 9.17444000e+01 0. 0.
      0. 1.</data></_>
  <_ type_id="opencv-matrix">
    <rows>4</rows>
    <cols>4</cols>
    <dt>f</dt>
    <data>
      1.90812945e-01 -8.83683860e-01 4.27442193e-01 -2.61022247e+02
      8.82330120e-01 3.45242560e-01 3.19866568e-01 -1.94144592e+02
      -4.30229276e-01 3.16107690e-01 8.45572948e-01 9.37314835e+01 0. 0.
      0. 1.</data></_>
  <_ type_id="opencv-matrix">
    <rows>4</rows>
    <cols>4</cols>
    <dt>f</dt>
    <data>
      1.73652098e-01 -8.86559308e-01 4.28802162e-01 -2.61864349e+02
      8.85176897e-01 3.31356734e-01 3.26616347e-01 -1.98253967e+02
      -4.31648344e-01 3.22845310e-01 8.42297852e-01 9.57254257e+01 0. 0.
      0. 1.</data></_>
  <_ type_id="opencv-matrix">
    <rows>4</rows>
    <cols>4</cols>
    <dt>f</dt>
    <data>
      1.56438351e-01 -8.89164984e-01 4.30030972e-01 -2.62626617e+02
      8.87753785e-01 3.17428112e-01 3.33386362e-01 -2.02375885e+02
      -4.32936430e-01 3.29604298e-01 8.39012682e-01 9.77256317e+01 0. 0.
      0. 1.</data></_>
  <_ type_id="opencv-matrix">
    <rows>4</rows>
    <cols>4</cols>
    <dt>f</dt>
    <data>
      1.39176950e-01 -8.91500056e-01 4.31128263e-01 -2.63308777e+02
      8.90060008e-01 3.03460926e-01 3.40174496e-01 -2.06509079e+02
      -4.34093177e-01 3.36382598e-01 8.35718393e-01 9.97314758e+01 0. 0.
      0. 1.</data></_>
  <_ type_id="opencv-matrix">
    <rows>4</rows>
    <cols>4</cols>
    <dt>f</dt>
    <data>
      1.21873140e-01 -8.93563807e-01 4.32093710e-01 -2.63910675e+02
      8.92094851e-01 2.89459467e-01 3.46978724e-01 -2.10652267e+02
      -4.35118228e-01 3.43178123e-01 8.32416058e-01 1.01742348e+02 0. 0.
      0. 1.</data></_>
  <_ type_id="opencv-matrix">
    <rows>4</rows>
    <cols>4</cols>
    <dt>f</dt>
    <data>
      1.04532205e-01 -8.95355642e-01 4.32927012e-01 -2.64432098e+02
      8.93857658e-01 2.75427938e-01 3.53796989e-01 -2.14804214e+02
      -4.36011255e-01 3.49988788e-01 8.29106569e-01 1.03757652e+02 0. 0.
      0. 1.</data></_>
  <_ type_id="opencv-matrix">
    <rows>4</rows>
    <cols>4</cols>
    <dt>f</dt>
    <data>
      8.71594250e-02 -8.96874964e-01 4.33627933e-01 -2.64872894e+02
      8.95347953e-01 2.61370659e-01 3.60627174e-01 -2.18963638e+02
      -4.36771989e-01 3.56812567e-01 8.25791061e-01 1.05776756e+02 0. 0.
      0. 1.</data></_>
  <_ type_id="opencv-matrix">
    <rows>4</rows>
    <cols>4</cols>
    <dt>f</dt>
    <data>
      6.97600991e-02 -8.98121297e-01 4.34196204e-01 -2.65232941e+02
      8.96565259e-01 2.47291878e-01 3.67467225e-01 -2.23129303e+02
      -4.37400192e-01 3.63647372e-01 8.22470486e-01 1.07799049e+02 0. 0.
      0. 1.</data></_>
  <_ type_id="opencv-matrix">
    <rows>4</rows>
    <cols>4</cols>
    <dt>f</dt>
    <data>
      5.23395240e-02 -8.99094343e-01 4.34631705e-01 -2.65512085e+02
      8.97509277e-01 2.33195901e-01 3.74315053e-01 -2.27299896e+02
      -4.37895715e-01 3.70491117e-01 8.19145799e-01 1.09823929e+02 0. 0.
      0. 1.</data></_>
  <_ type_id="opencv-matrix">
    <rows>4</rows>
    <cols>4</cols>
    <dt>f</dt>
    <data>
      3.49030010e-02 -8.99793863e-01 4.34934288e-01 -2.65710327e+02
      8.98179591e-01 2.19087034e-01 3.81168514e-01 -2.31474197e+02
      -4.38258350e-01 3.77341688e-01 8.15818131e-01 1.11850761e+02 0. 0.
      0. 1.</data></_>
  <_ type_id="opencv-matrix">
    <rows>4</rows>
    <cols>4</cols>
    <dt>f</dt>
    <data>
      1.74558461e-02 -9.00219560e-01 4.35103863e-01 -2.65827545e+02
      8.98576021e-01 2.04969555e-01 3.88025612e-01 -2.35650894e+02
      -4.38488036e-01 3.84197026e-01 8.12488437e-01 1.13878937e+02 0. 0.
      0. 1.</data></_>
  <_ type_id="opencv-matrix">
    <rows>4</rows>
    <cols>4</cols>
    <dt>f</dt>
    <data>
      3.37092206e-06 -9.00371253e-01 4.35140371e-01 -2.65863678e+02
      8.98698568e-01 1.90847769e-01 3.94884199e-01 -2.39828720e+02
      -4.38584685e-01 3.91055048e-01 8.09157670e-01 1.15907845e+02 0. 0.
      0. 1.</data></_>
  <_ type_id="opencv-matrix">
    <rows>4</rows>
    <cols>4</cols>
    <dt>f</dt>
    <data>
      -1.74491070e-02 -9.00248885e-01 4.35043812e-01 -2.65818787e+02
      8.98547053e-01 1.76725984e-01 4.01742190e-01 -2.44006424e+02
      -4.38548267e-01 3.97913635e-01 8.05826962e-01 1.17936852e+02 0. 0.
      0. 1.</data></_>
  <_ type_id="opencv-matrix">
    <rows>4</rows>
    <cols>4</cols>
    <dt>f</dt>
    <data>
      -3.48962732e-02 -8.99852574e-01 4.34814215e-01 -2.65692841e+02
      8.98121595e-01 1.62608504e-01 4.08597559e-01 -2.48182709e+02
      -4.38378781e-01 4.04770732e-01 8.02497208e-01 1.19965347e+02 0. 0.
      0. 1.</data></_>
  <_ type_id="opencv-matrix">
    <rows>4</rows>
    <cols>4</cols>
    <dt>f</dt>
    <data>
      -5.23328111e-02 -8.99182439e-01 4.34451640e-01 -2.65485870e+02
      8.97422254e-01 1.48499608e-01 4.15448159e-01 -2.52356323e+02
      -4.38076288e-01 4.11624253e-01 7.99169540e-01 1.21992722e+02 0. 0.
      0. 1.</data></_>
  <_ type_id="opencv-matrix">
    <rows>4</rows>
    <cols>4</cols>
    <dt>f</dt>
    <data>
      -6.97534084e-02 -8.98238659e-01 4.33956206e-01 -2.65197937e+02
      8.96449327e-01 1.34403616e-01 4.22291905e-01 -2.56525970e+02
      -4.37640846e-01 4.18472081e-01 7.95844913e-01 1.24018341e+02 0. 0.
      0. 1.</data></_>
  <_ type_id="opencv-matrix">
    <rows>4</rows>
    <cols>4</cols>
    <dt>f</dt>
    <data>
      -8.71527642e-02 -8.97021532e-01 4.33328062e-01 -2.64829132e+02
      8.95203054e-01 1.20324820e-01 4.29126710e-01 -2.60690430e+02
      -4.37072664e-01 4.25312132e-01 7.92524278e-01 1.26041595e+02 0. 0.
      0. 1.</data></_>
  <_ type_id="opencv-matrix">
    <rows>4</rows>
    <cols>4</cols>
    <dt>f</dt>
    <data>
      -1.04525574e-01 -8.95531416e-01 4.32567418e-01 -2.64379608e+02
      8.93683910e-01 1.06267504e-01 4.35950518e-01 -2.64848389e+02
      -4.36371833e-01 4.32142347e-01 7.89208770e-01 1.28061874e+02 0. 0.
      0. 1.</data></_>
  <_ type_id="opencv-matrix">
    <rows>4</rows>
    <cols>4</cols>
    <dt>f</dt>
    <data>
      -1.21866539e-01 -8.93768728e-01 4.31674451e-01 -2.63849457e+02
      8.91892254e-01 9.22359526e-02 4.42761242e-01 -2.68998596e+02
      -4.35538620e-01 4.38960612e-01 7.85899282e-01 1.30078552e+02 0. 0.
      0. 1.</data></_>
  <_ type_id="opencv-matrix">
    <rows>4</rows>
    <cols>4</cols>
    <dt>f</dt>
    <data>
      -1.39170378e-01 -8.91734064e-01 4.30649459e-01 -2.63238861e+02
      8.89828682e-01 7.82344341e-02 4.49556798e-01 -2.73139771e+02
      -4.34573263e-01 4.45764869e-01 7.82596886e-01 1.32091019e+02 0. 0.
      0. 1.</data></_>
  <_ type_id="opencv-matrix">
    <rows>4</rows>
    <cols>4</cols>
    <dt>f</dt>
    <data>
      -1.56431839e-01 -8.89428079e-01 4.29492801e-01 -2.62548035e+02
      8.87493789e-01 6.42672181e-02 4.56335098e-01 -2.77270660e+02
      -4.33476061e-01 4.52553064e-01 7.79302657e-01 1.34098663e+02 0. 0.
      0. 1.</data></_>
  <_ type_id="opencv-matrix">
    <rows>4</rows>
    <cols>4</cols>
    <dt>f</dt>
    <data>
      -1.73645645e-01 -8.86851311e-01 4.28204775e-01 -2.61777130e+02
      8.84888291e-01 5.03385551e-02 4.63094085e-01 -2.81390015e+02
      -4.32247341e-01 4.59323108e-01 7.76017487e-01 1.36100876e+02 0. 0.
      0. 1.</data></_>
  <_ type_id="opencv-matrix">
    <rows>4</rows>
    <cols>4</cols>
    <dt>f</dt>
    <data>
      -1.90806568e-01 -8.84004653e-01 4.26785797e-01 -2.60926392e+02
      8.82013023e-01 3.64526920e-02 4.69831705e-01 -2.85496582e+02
      -4.30887461e-01 4.66072947e-01 7.72742391e-01 1.38097046e+02 0. 0.
      0. 1.</data></_>
  <_ type_id="opencv-matrix">
    <rows>4</rows>
    <cols>4</cols>
    <dt>f</dt>
    <data>
      -2.07909375e-01 -8.80888999e-01 4.25236285e-01 -2.59996094e+02
      8.78868818e-01 2.26138551e-02 4.76545960e-01 -2.89589081e+02
      -4.29396868e-01 4.72800493e-01 7.69478381e-01 1.40086563e+02 0. 0.
      0. 1.</data></_>
  <_ type_id="opencv-matrix">
    <rows>4</rows>
    <cols>4</cols>
    <dt>f</dt>
    <data>
      -2.24948838e-01 -8.77505302e-01 4.23556745e-01 -2.58986511e+02
      8.75456572e-01 8.82626139e-03 4.83234733e-01 -2.93666290e+02
      -4.27776009e-01 4.79503721e-01 7.66226470e-01 1.42068817e+02 0. 0.
      0. 1.</data></_>
  <_ type_id="opencv-matrix">
    <rows>4</rows>
    <cols>4</cols>
    <dt>f</dt>
    <data>
      -2.41919801e-01 -8.73854578e-01 4.21747625e-01 -2.57897980e+02
      8.71777415e-01 -4.90588974e-03 4.89896029e-01 -2.97726959e+02
      -4.26025361e-01 4.86180604e-01 7.62987673e-01 1.44043213e+02 0. 0.
      0. 1.</data></_>
  <_ type_id="opencv-matrix">
    <rows>4</rows>
    <cols>4</cols>
    <dt>f</dt>
    <data>
      -2.58817077e-01 -8.69937897e-01 4.19809520e-01 -2.56730835e+02
      8.67832482e-01 -1.85784157e-02 4.96527821e-01 -3.01769867e+02
      -4.24145460e-01 4.92829084e-01 7.59762883e-01 1.46009155e+02 0. 0.
      0. 1.</data></_>
  <_ type_id="opencv-matrix">
    <rows>4</rows>
    <cols>4</cols>
    <dt>f</dt>
    <data>
      -2.75635511e-01 -8.65756512e-01 4.17743027e-01 -2.55485367e+02
      8.63622904e-01 -3.21871527e-02 5.03128052e-01 -3.05793762e+02
      -4.22136903e-01 4.99447167e-01 7.56553173e-01 1.47966019e+02 0. 0.
      0. 1.</data></_>
  <_ type_id="opencv-matrix">
    <rows>4</rows>
    <cols>4</cols>
    <dt>f</dt>
    <data>
      -2.92369962e-01 -8.61311615e-01 4.15548742e-01 -2.54162018e+02
      8.59150112e-01 -4.57279496e-02 5.09694755e-01 -3.09797424e+02
      -4.20000285e-01 5.06032825e-01 7.53359437e-01 1.49913223e+02 0. 0.
      0. 1.</data></_>
  <_ type_id="opencv-matrix">
    <rows>4</rows>
    <cols>4</cols>
    <dt>f</dt>
    <data>
      -3.09015393e-01 -8.56604636e-01 4.13227350e-01 -2.52761169e+02
      8.54415298e-01 -5.91966845e-02 5.16225874e-01 -3.13779663e+02
      -4.17736232e-01 5.12584031e-01 7.50182748e-01 1.51850174e+02 0. 0.
      0. 1.</data></_>
  <_ type_id="opencv-matrix">
    <rows>4</rows>
    <cols>4</cols>
    <dt>f</dt>
    <data>
      -3.25566709e-01 -8.51636946e-01 4.10779536e-01 -2.51283249e+02
      8.49419951e-01 -7.25892559e-02 5.22719443e-01 -3.17739227e+02
      -4.15345460e-01 5.19098818e-01 7.47024000e-01 1.53776291e+02 0. 0.
      0. 1.</data></_>
  <_ type_id="opencv-matrix">
    <rows>4</rows>
    <cols>4</cols>
    <dt>f</dt>
    <data>
      -3.42018813e-01 -8.46410155e-01 4.08206105e-01 -2.49728699e+02
      8.44165623e-01 -8.59015882e-02 5.29173493e-01 -3.21674927e+02
      -4.12828684e-01 5.25575161e-01 7.43884206e-01 1.55690979e+02 0. 0.
      0. 1.</data></_>
  <_ type_id="opencv-matrix">
    <rows>4</rows>
    <cols>4</cols>
    <dt>f</dt>
    <data>
      -3.58366758e-01 -8.40925753e-01 4.05507803e-01 -2.48098022e+02
      8.38653862e-01 -9.91296172e-02 5.35586059e-01 -3.25585541e+02
      -4.10186708e-01 5.32011151e-01 7.40764260e-01 1.57593643e+02 0. 0.
      0. 1.</data></_>
  <_ type_id="opencv-matrix">
    <rows>4</rows>
    <cols>4</cols>
    <dt>f</dt>
    <data>
      -3.74605507e-01 -8.35185468e-01 4.02685463e-01 -2.46391678e+02
      8.32886398e-01 -1.12269327e-01 5.41955173e-01 -3.29469879e+02
      -4.07420278e-01 5.38404763e-01 7.37665176e-01 1.59483719e+02 0. 0.
      0. 1.</data></_>
  <_ type_id="opencv-matrix">
    <rows>4</rows>
    <cols>4</cols>
    <dt>f</dt>
    <data>
      -3.90730202e-01 -8.29191029e-01 3.99739921e-01 -2.44610214e+02
      8.26865017e-01 -1.25316694e-01 5.48278868e-01 -3.33326813e+02
      -4.04530287e-01 5.44754028e-01 7.34587848e-01 1.61360626e+02 0. 0.
      0. 1.</data></_>
  <_ type_id="opencv-matrix">
    <rows>4</rows>
    <cols>4</cols>
    <dt>f</dt>
    <data>
      -4.06735837e-01 -8.22944224e-01 3.96672100e-01 -2.42754166e+02
      8.20591509e-01 -1.38267770e-01 5.54555237e-01 -3.37155121e+02
      -4.01517600e-01 5.51057100e-01 7.31533229e-01 1.63223801e+02 0. 0.
      0. 1.</data></_>
  <_ type_id="opencv-matrix">
    <rows>4</rows>
    <cols>4</cols>
    <dt>f</dt>
    <data>
