<?xml version="1.0"?>
<opencv_storage>
<m_k type_id="opencv-matrix">
  <rows>3</rows>
  <cols>3</cols>
  <dt>d</dt>
  <data>
    1.2670557311500895e+03 0. 4.5150100534643241e+02 0.
    2.5327380835285630e+03 5.8940027738780407e+02 0. 0. 1.</data></m_k>
<m_discoeff type_id="opencv-matrix">
  <rows>1</rows>
  <cols>5</cols>
  <dt>d</dt>
  <data>
    -1.3715941648343871e-01 2.0807255840333387e+00
    -1.0246826424263706e-03 -5.8934847643251200e-04
    -1.2088150841961880e+01</data></m_discoeff>
<m_rotMatrix type_id="opencv-matrix">
  <rows>3</rows>
  <cols>3</cols>
  <dt>d</dt>
  <data>
    -2.0317561990663263e-01 -8.7188729042868229e-01
    -4.4556954593473536e-01 8.6402377904636718e-01
    -3.7373021977390941e-01 3.3732570621015517e-01
    -4.6063280030626358e-01 -3.1644632343681295e-01
    8.2926422065909366e-01</data></m_rotMatrix>
<m_transMatrix type_id="opencv-matrix">
  <rows>3</rows>
  <cols>1</cols>
  <dt>f</dt>
  <data>
    1.17804550e+02 -3.40095024e+01 6.29140137e+02</data></m_transMatrix>
<m_r_transformMatrix type_id="opencv-matrix">
  <rows>3</rows>
  <cols>3</cols>
  <dt>d</dt>
  <data>
    1. -8.3152990352250599e-17 -1.5545620502943897e-16
    8.3152990352250599e-17 1. -1.0622295688614357e-15
    1.5545620502943897e-16 1.0622295688614357e-15 1.</data></m_r_transformMatrix>
<m_t_transformMatrix type_id="opencv-matrix">
  <rows>3</rows>
  <cols>1</cols>
  <dt>d</dt>
  <data>
    8.0138402651955317e-14 6.2044377037519522e-13 3.2967819990153550e-14</data></m_t_transformMatrix>
</opencv_storage>
