<?xml version="1.0"?>
<opencv_storage>
<m_k type_id="opencv-matrix">
  <rows>3</rows>
  <cols>3</cols>
  <dt>d</dt>
  <data>
    1.2621859417427611e+03 0. 4.6784969091254897e+02 0.
    2.5216617645495298e+03 5.8003679179871938e+02 0. 0. 1.</data></m_k>
<m_discoeff type_id="opencv-matrix">
  <rows>1</rows>
  <cols>5</cols>
  <dt>d</dt>
  <data>
    -7.2788870975281597e-02 1.5965789985196799e-01
    9.2448009721143520e-05 7.4124599400157308e-04
    -2.9741916179670302e+00</data></m_discoeff>
<m_rotMatrix type_id="opencv-matrix">
  <rows>3</rows>
  <cols>3</cols>
  <dt>d</dt>
  <data>
    -3.5086487680069472e-01 -9.2630848480635175e-01
    -1.3728229748730802e-01 8.6243612738833819e-01
    -3.7676591060953363e-01 3.3801090925882055e-01
    -3.6482566302692987e-01 1.9894303045908668e-04
    9.3107582721206494e-01</data></m_rotMatrix>
<m_transMatrix type_id="opencv-matrix">
  <rows>3</rows>
  <cols>1</cols>
  <dt>f</dt>
  <data>
    1.18605484e+02 -3.01464691e+01 5.86923523e+02</data></m_transMatrix>
<m_r_transformMatrix type_id="opencv-matrix">
  <rows>3</rows>
  <cols>3</cols>
  <dt>d</dt>
  <data>
    9.4006793860611193e-01 -3.0601825506784042e-03
    3.4097346830451747e-01 2.4108007891946825e-03 9.9999438378457695e-01
    2.3281835964924997e-03 -3.4097867799088266e-01
    -1.3666316477682890e-03 9.4007003647256471e-01</data></m_r_transformMatrix>
<m_t_transformMatrix type_id="opencv-matrix">
  <rows>3</rows>
  <cols>1</cols>
  <dt>d</dt>
  <data>
    -2.0677650579998866e+02 2.0923257866105938e+00
    3.5529946690245922e+01</data></m_t_transformMatrix>
</opencv_storage>
