<?xml version="1.0"?>
<opencv_storage>
<m_k type_id="opencv-matrix">
  <rows>3</rows>
  <cols>3</cols>
  <dt>d</dt>
  <data>
    4.4082060546875000e+03 0. 1.2344801025390625e+03 0.
    4.4083007812500000e+03 9.8505181884765625e+02 0. 0. 1.</data></m_k>
<m_discoeff type_id="opencv-matrix">
  <rows>1</rows>
  <cols>5</cols>
  <dt>d</dt>
  <data>
    -1.7968015474481239e-02 1.8795049326217092e-01
    -1.5058388593099410e-05 7.3159876821379170e-05
    -2.3813960747287033e+00</data></m_discoeff>
<m_rotMatrix type_id="opencv-matrix">
  <rows>3</rows>
  <cols>3</cols>
  <dt>d</dt>
  <data>
    -2.8371439517895869e-01 -9.0980577741575108e-01
    -3.0291845329916534e-01 8.6319730040898457e-01
    -3.7989307188131999e-01 3.3252319393271756e-01
    -4.1760814471808272e-01 -1.6713677428230794e-01
    8.9312302408325928e-01</data></m_rotMatrix>
<m_transMatrix type_id="opencv-matrix">
  <rows>3</rows>
  <cols>1</cols>
  <dt>f</dt>
  <data>
    1.15349663e+02 -3.25494690e+01 6.02200378e+02</data></m_transMatrix>
<m_r_transformMatrix type_id="opencv-matrix">
  <rows>3</rows>
  <cols>3</cols>
  <dt>d</dt>
  <data>
    9.9999997309603261e-01 -1.0916792012406019e-05
    -2.3170834621155103e-04 1.0988181368567646e-05
    9.9999995247650753e-01 3.0810102661965757e-04 2.3170497172513493e-04
    -3.0810356438385026e-04 9.9999992569249707e-01</data></m_r_transformMatrix>
<m_t_transformMatrix type_id="opencv-matrix">
  <rows>3</rows>
  <cols>1</cols>
  <dt>d</dt>
  <data>
    3.0093189822018682e-02 5.2948790948713839e-02 3.3838557760575877e-01</data></m_t_transformMatrix>
 <!-- resumed -->

<RotateMatSet>
  <_ type_id="opencv-matrix">
    <rows>4</rows>
    <cols>4</cols>
    <dt>f</dt>
    <data>
      1. 0. 0. 0. 0. 1. 0. 0. 0. 0. 1. 0. 0. 0. 0. 1.</data></_>
  <_ type_id="opencv-matrix">
    <rows>4</rows>
    <cols>4</cols>
    <dt>f</dt>
    <data>
      9.99847710e-01 -1.56974811e-02 7.62721431e-03 -4.64513111e+00
      1.56972241e-02 9.99876797e-01 9.37882869e-05 -4.29553650e-02
      -7.62774702e-03 2.59403168e-05 9.99970913e-01 1.08336676e-02 0. 0.
      0. 1.</data></_>
  <_ type_id="opencv-matrix">
    <rows>4</rows>
    <cols>4</cols>
    <dt>f</dt>
    <data>
      9.99390841e-01 -3.13904397e-02 1.52515732e-02 -9.28879738e+00
      3.13894078e-02 9.99507189e-01 3.07288370e-04 -1.58820093e-01
      -1.52537040e-02 1.71613094e-04 9.99883652e-01 5.70977926e-02 0. 0.
      0. 1.</data></_>
  <_ type_id="opencv-matrix">
    <rows>4</rows>
    <cols>4</cols>
    <dt>f</dt>
    <data>
      9.98629570e-01 -4.70740981e-02 2.28707530e-02 -1.39295855e+01
      4.70717698e-02 9.98891294e-01 6.40435261e-04 -3.47558886e-01
      -2.28755474e-02 4.36973991e-04 9.99738216e-01 1.38778284e-01 0. 0.
      0. 1.</data></_>
  <_ type_id="opencv-matrix">
    <rows>4</rows>
    <cols>4</cols>
    <dt>f</dt>
    <data>
      9.97564137e-01 -6.27436787e-02 3.04824337e-02 -1.85660820e+01
      6.27395362e-02 9.98029351e-01 1.09312730e-03 -6.09114230e-01
      -3.04909553e-02 8.21942114e-04 9.99534667e-01 2.55850255e-01 0. 0.
      0. 1.</data></_>
  <_ type_id="opencv-matrix">
    <rows>4</rows>
    <cols>4</cols>
    <dt>f</dt>
    <data>
      9.96194780e-01 -7.83944055e-02 3.80842984e-02 -2.31968727e+01
      7.83879384e-02 9.96921539e-01 1.66522677e-03 -9.43406463e-01
      -3.80976088e-02 1.32640032e-03 9.99273121e-01 4.08278048e-01 0. 0.
      0. 1.</data></_>
  <_ type_id="opencv-matrix">
    <rows>4</rows>
    <cols>4</cols>
    <dt>f</dt>
    <data>
      9.94522035e-01 -9.40215066e-02 4.56740260e-02 -2.78205490e+01
      9.40122008e-02 9.95568216e-01 2.35655950e-03 -1.35033381e+00
      -4.56931889e-02 1.95019494e-03 9.98953581e-01 5.96015275e-01 0. 0.
      0. 1.</data></_>
  <_ type_id="opencv-matrix">
    <rows>4</rows>
    <cols>4</cols>
    <dt>f</dt>
    <data>
      9.92546320e-01 -1.09620228e-01 5.32493107e-02 -3.24357033e+01
      1.09607570e-01 9.93969858e-01 3.16691468e-03 -1.82977223e+00
      -5.32753840e-02 2.69313576e-03 9.98576224e-01 8.19004714e-01 0. 0.
      0. 1.</data></_>
  <_ type_id="opencv-matrix">
    <rows>4</rows>
    <cols>4</cols>
    <dt>f</dt>
    <data>
      9.90268290e-01 -1.25185817e-01 6.08078428e-02 -3.70409203e+01
      1.25169292e-01 9.92126882e-01 4.09604562e-03 -2.38157606e+00
      -6.08418845e-02 3.55499680e-03 9.98141110e-01 1.07717836e+00 0. 0.
      0. 1.</data></_>
  <_ type_id="opencv-matrix">
    <rows>4</rows>
    <cols>4</cols>
    <dt>f</dt>
    <data>
      9.87688541e-01 -1.40713528e-01 6.83473200e-02 -4.16348076e+01
      1.40692621e-01 9.90039945e-01 5.14366897e-03 -3.00557661e+00
      -6.83903843e-02 4.53551533e-03 9.97648358e-01 1.37045765e+00 0. 0.
      0. 1.</data></_>
  <_ type_id="opencv-matrix">
    <rows>4</rows>
    <cols>4</cols>
    <dt>f</dt>
    <data>
      9.84807968e-01 -1.56198636e-01 7.58654475e-02 -4.62159653e+01
      1.56172857e-01 9.87709582e-01 6.30946597e-03 -3.70158410e+00
      -7.59185851e-02 5.63439261e-03 9.97098148e-01 1.69875324e+00 0. 0.
      0. 1.</data></_>
  <_ type_id="opencv-matrix">
    <rows>4</rows>
    <cols>4</cols>
    <dt>f</dt>
    <data>
      9.81627405e-01 -1.71636432e-01 8.33599344e-02 -5.07829933e+01
      1.71605244e-01 9.85136509e-01 7.59308180e-03 -4.46938658e+00
      -8.34241956e-02 6.85129408e-03 9.96490598e-01 2.06196523e+00 0. 0.
      0. 1.</data></_>
  <_ type_id="opencv-matrix">
    <rows>4</rows>
    <cols>4</cols>
    <dt>f</dt>
    <data>
      9.78147864e-01 -1.87022194e-01 9.08284932e-02 -5.53345032e+01
      1.86985105e-01 9.82321620e-01 8.99412483e-03 -5.30874968e+00
      -9.09049213e-02 8.18584859e-03 9.95826006e-01 2.45998287e+00 0. 0.
      0. 1.</data></_>
  <_ type_id="opencv-matrix">
    <rows>4</rows>
    <cols>4</cols>
    <dt>f</dt>
    <data>
      9.74370360e-01 -2.02351257e-01 9.82688442e-02 -5.98691063e+01
      2.02307746e-01 9.79265690e-01 1.05121685e-02 -6.21941805e+00
      -9.83584896e-02 9.63765010e-03 9.95104432e-01 2.89268494e+00 0. 0.
      0. 1.</data></_>
  <_ type_id="opencv-matrix">
    <rows>4</rows>
    <cols>4</cols>
    <dt>f</dt>
    <data>
      9.70296025e-01 -2.17618942e-01 1.05678737e-01 -6.43854294e+01
      2.17568502e-01 9.75969613e-01 1.21467495e-02 -7.20111465e+00
      -1.05782628e-01 1.12062562e-02 9.94326174e-01 3.35993958e+00 0. 0.
      0. 1.</data></_>
  <_ type_id="opencv-matrix">
    <rows>4</rows>
    <cols>4</cols>
    <dt>f</dt>
    <data>
      9.65926170e-01 -2.32820600e-01 1.13055907e-01 -6.88820953e+01
      2.32762724e-01 9.72434461e-01 1.38973715e-02 -8.25354004e+00
      -1.13175079e-01 1.28911892e-02 9.93491471e-01 3.86160445e+00 0. 0.
      0. 1.</data></_>
  <_ type_id="opencv-matrix">
    <rows>4</rows>
    <cols>4</cols>
    <dt>f</dt>
    <data>
      9.61262107e-01 -2.47951597e-01 1.20398112e-01 -7.33577194e+01
      2.47885808e-01 9.68661189e-01 1.57635007e-02 -9.37637424e+00
      -1.20533586e-01 1.46919359e-02 9.92600560e-01 4.39752674e+00 0. 0.
      0. 1.</data></_>
  <_ type_id="opencv-matrix">
    <rows>4</rows>
    <cols>4</cols>
    <dt>f</dt>
    <data>
      9.56305206e-01 -2.63007313e-01 1.27703100e-01 -7.78109589e+01
      2.62933105e-01 9.64651108e-01 1.77445691e-02 -1.05692749e+01
      -1.27855912e-01 1.66079476e-02 9.91653740e-01 4.96754360e+00 0. 0.
      0. 1.</data></_>
  <_ type_id="opencv-matrix">
    <rows>4</rows>
    <cols>4</cols>
    <dt>f</dt>
    <data>
      9.51057017e-01 -2.77983189e-01 1.34968668e-01 -8.22404480e+01
      2.77900070e-01 9.60405350e-01 1.98399723e-02 -1.18318777e+01
      -1.35139823e-01 1.86386425e-02 9.90651250e-01 5.57148075e+00 0. 0.
      0. 1.</data></_>
  <_ type_id="opencv-matrix">
    <rows>4</rows>
    <cols>4</cols>
    <dt>f</dt>
    <data>
      9.45519090e-01 -2.92874664e-01 1.42192602e-01 -8.66448288e+01
      2.92782128e-01 9.55925226e-01 2.20490731e-02 -1.31637993e+01
      -1.42383099e-01 2.07833983e-02 9.89593446e-01 6.20915461e+00 0. 0.
      0. 1.</data></_>
  <_ type_id="opencv-matrix">
    <rows>4</rows>
    <cols>4</cols>
    <dt>f</dt>
    <data>
      9.39693153e-01 -3.07677150e-01 1.49372682e-01 -9.10227661e+01
      3.07574749e-01 9.51212108e-01 2.43711993e-02 -1.45646334e+01
      -1.49583548e-01 2.30415631e-02 9.88480628e-01 6.88037109e+00 0. 0.
      0. 1.</data></_>
  <_ type_id="opencv-matrix">
    <rows>4</rows>
    <cols>4</cols>
    <dt>f</dt>
    <data>
      9.33580995e-01 -3.22386175e-01 1.56506702e-01 -9.53729324e+01
      3.22273374e-01 9.46267366e-01 2.68056411e-02 -1.60339527e+01
      -1.56738967e-01 2.54124515e-02 9.87313151e-01 7.58492517e+00 0. 0.
      0. 1.</data></_>
  <_ type_id="opencv-matrix">
    <rows>4</rows>
    <cols>4</cols>
    <dt>f</dt>
    <data>
      9.27184463e-01 -3.36997271e-01 1.63592547e-01 -9.96939926e+01
      3.36873621e-01 9.41092610e-01 2.93516573e-02 -1.75713120e+01
      -1.63847163e-01 2.78953388e-02 9.86091316e-01 8.32260323e+00 0. 0.
      0. 1.</data></_>
  <_ type_id="opencv-matrix">
    <rows>4</rows>
    <cols>4</cols>
    <dt>f</dt>
    <data>
      9.20505524e-01 -3.51505965e-01 1.70628011e-01 -1.03984642e+02
      3.51370960e-01 9.35689390e-01 3.20084766e-02 -1.91762409e+01
      -1.70905977e-01 3.04894689e-02 9.84815538e-01 9.09317970e+00 0. 0.
      0. 1.</data></_>
  <_ type_id="opencv-matrix">
    <rows>4</rows>
    <cols>4</cols>
    <dt>f</dt>
    <data>
      9.13546145e-01 -3.65907848e-01 1.77610964e-01 -1.08243561e+02
      3.65761012e-01 9.30059314e-01 3.47752832e-02 -2.08482513e+01
      -1.77913263e-01 3.31940539e-02 9.83486176e-01 9.89642048e+00 0. 0.
      0. 1.</data></_>
  <_ type_id="opencv-matrix">
    <rows>4</rows>
    <cols>4</cols>
    <dt>f</dt>
    <data>
      9.06308532e-01 -3.80198538e-01 1.84539288e-01 -1.12469460e+02
      3.80039394e-01 9.24204111e-01 3.76512371e-02 -2.25868320e+01
      -1.84866905e-01 3.60082686e-02 9.82103705e-01 1.07320795e+01 0. 0.
      0. 1.</data></_>
  <_ type_id="opencv-matrix">
    <rows>4</rows>
    <cols>4</cols>
    <dt>f</dt>
    <data>
      8.98794830e-01 -3.94373685e-01 1.91410869e-01 -1.16661057e+02
      3.94201756e-01 9.18125629e-01 4.06354666e-02 -2.43914566e+01
      -1.91764757e-01 3.89312543e-02 9.80668485e-01 1.15999041e+01 0. 0.
      0. 1.</data></_>
  <_ type_id="opencv-matrix">
    <rows>4</rows>
    <cols>4</cols>
    <dt>f</dt>
    <data>
      8.91007364e-01 -4.08428937e-01 1.98223621e-01 -1.20817062e+02
      4.08243805e-01 9.11825538e-01 4.37270515e-02 -2.62615738e+01
      -1.98604733e-01 4.19621207e-02 9.79180932e-01 1.24996281e+01 0. 0.
      0. 1.</data></_>
  <_ type_id="opencv-matrix">
    <rows>4</rows>
    <cols>4</cols>
    <dt>f</dt>
    <data>
      8.82948458e-01 -4.22360063e-01 2.04975441e-01 -1.24936218e+02
      4.22161222e-01 9.05305922e-01 4.69250605e-02 -2.81966133e+01
      -2.05384746e-01 4.50999439e-02 9.77641582e-01 1.34309788e+01 0. 0.
      0. 1.</data></_>
  <_ type_id="opencv-matrix">
    <rows>4</rows>
    <cols>4</cols>
    <dt>f</dt>
    <data>
      8.74620616e-01 -4.36162800e-01 2.11664289e-01 -1.29017258e+02
      4.35949802e-01 8.98568749e-01 5.02285138e-02 -3.01959877e+01
      -2.12102726e-01 4.83437739e-02 9.76050854e-01 1.43936720e+01 0. 0.
      0. 1.</data></_>
  <_ type_id="opencv-matrix">
    <rows>4</rows>
    <cols>4</cols>
    <dt>f</dt>
    <data>
      8.66026342e-01 -4.49832916e-01 2.18288139e-01 -1.33058945e+02
      4.49605346e-01 8.91616046e-01 5.36364093e-02 -3.22590828e+01
      -2.18756631e-01 5.16926199e-02 9.74409282e-01 1.53874149e+01 0. 0.
      0. 1.</data></_>
  <_ type_id="opencv-matrix">
    <rows>4</rows>
    <cols>4</cols>
    <dt>f</dt>
    <data>
      8.57168257e-01 -4.63366240e-01 2.24844962e-01 -1.37060043e+02
      4.63123649e-01 8.84449899e-01 5.71477078e-02 -3.43852768e+01
      -2.25344434e-01 5.51454537e-02 9.72717226e-01 1.64119053e+01 0. 0.
      0. 1.</data></_>
  <_ type_id="opencv-matrix">
    <rows>4</rows>
    <cols>4</cols>
    <dt>f</dt>
    <data>
      8.48049104e-01 -4.76758689e-01 2.31332764e-01 -1.41019348e+02
      4.76500601e-01 8.77072573e-01 6.07613362e-02 -3.65739136e+01
      -2.31864125e-01 5.87012321e-02 9.70975339e-01 1.74668293e+01 0. 0.
      0. 1.</data></_>
  <_ type_id="opencv-matrix">
    <rows>4</rows>
    <cols>4</cols>
    <dt>f</dt>
    <data>
      8.38671625e-01 -4.90006208e-01 2.37749577e-01 -1.44935669e+02
      4.89732146e-01 8.69486213e-01 6.44761994e-02 -3.88243370e+01
      -2.38313720e-01 6.23588711e-02 9.69184101e-01 1.85518665e+01 0. 0.
      0. 1.</data></_>
  <_ type_id="opencv-matrix">
    <rows>4</rows>
    <cols>4</cols>
    <dt>f</dt>
    <data>
      8.29038680e-01 -5.03104687e-01 2.44093418e-01 -1.48807770e+02
      5.02814233e-01 8.61693203e-01 6.82911649e-02 -4.11358566e+01
      -2.44691268e-01 6.61172569e-02 9.67344105e-01 1.96666870e+01 0. 0.
      0. 1.</data></_>
  <_ type_id="opencv-matrix">
    <rows>4</rows>
    <cols>4</cols>
    <dt>f</dt>
    <data>
      8.19153190e-01 -5.16050220e-01 2.50362366e-01 -1.52634491e+02
      5.15742958e-01 8.53695869e-01 7.22050667e-02 -4.35077629e+01
      -2.50994802e-01 6.99752420e-02 9.65455890e-01 2.08109493e+01 0. 0.
      0. 1.</data></_>
  <_ type_id="opencv-matrix">
    <rows>4</rows>
    <cols>4</cols>
    <dt>f</dt>
    <data>
      8.09018195e-01 -5.28838754e-01 2.56554544e-01 -1.56414673e+02
      5.28514326e-01 8.45496655e-01 7.62167126e-02 -4.59393425e+01
      -2.57222414e-01 7.39316568e-02 9.63519990e-01 2.19843063e+01 0. 0.
      0. 1.</data></_>
  <_ type_id="opencv-matrix">
    <rows>4</rows>
    <cols>4</cols>
    <dt>f</dt>
    <data>
      7.98636734e-01 -5.41466475e-01 2.62668043e-01 -1.60147171e+02
      5.41124463e-01 8.37098062e-01 8.03248882e-02 -4.84298477e+01
      -2.63372213e-01 7.79852867e-02 9.61537004e-01 2.31864014e+01 0. 0.
      0. 1.</data></_>
  <_ type_id="opencv-matrix">
    <rows>4</rows>
    <cols>4</cols>
    <dt>f</dt>
    <data>
      7.88011968e-01 -5.53929567e-01 2.68700987e-01 -1.63830841e+02
      5.53569496e-01 8.28502774e-01 8.45283344e-02 -5.09785271e+01
      -2.69442320e-01 8.21349025e-02 9.59507585e-01 2.44168663e+01 0. 0.
      0. 1.</data></_>
  <_ type_id="opencv-matrix">
    <rows>4</rows>
    <cols>4</cols>
    <dt>f</dt>
    <data>
      7.77147233e-01 -5.66224217e-01 2.74651557e-01 -1.67464554e+02
      5.65845609e-01 8.19713175e-01 8.88257697e-02 -5.35846024e+01
      -2.75430888e-01 8.63792375e-02 9.57432270e-01 2.56753292e+01 0. 0.
      0. 1.</data></_>
  <_ type_id="opencv-matrix">
    <rows>4</rows>
    <cols>4</cols>
    <dt>f</dt>
    <data>
      7.66045749e-01 -5.78346610e-01 2.80517966e-01 -1.71047211e+02
      5.77949107e-01 8.10732186e-01 9.32158828e-02 -5.62472725e+01
      -2.81336069e-01 9.07170027e-02 9.55311775e-01 2.69614029e+01 0. 0.
      0. 1.</data></_>
  <_ type_id="opencv-matrix">
    <rows>4</rows>
    <cols>4</cols>
    <dt>f</dt>
    <data>
      7.54710913e-01 -5.90293050e-01 2.86298364e-01 -1.74577713e+02
      5.89876294e-01 8.01562369e-01 9.76973549e-02 -5.89657326e+01
      -2.87156075e-01 9.51468796e-02 9.53146696e-01 2.82746983e+01 0. 0.
      0. 1.</data></_>
  <_ type_id="opencv-matrix">
    <rows>4</rows>
    <cols>4</cols>
    <dt>f</dt>
    <data>
      7.43146241e-01 -6.02059960e-01 2.91991025e-01 -1.78054993e+02
      6.01623535e-01 7.92206585e-01 1.02268800e-01 -6.17391586e+01
      -2.92889178e-01 9.96675119e-02 9.50937688e-01 2.96148148e+01 0. 0.
      0. 1.</data></_>
  <_ type_id="opencv-matrix">
    <rows>4</rows>
    <cols>4</cols>
    <dt>f</dt>
    <data>
      7.31355131e-01 -6.13643765e-01 2.97594190e-01 -1.81477982e+02
      6.13187253e-01 7.82667696e-01 1.06928833e-01 -6.45666962e+01
      -2.98533589e-01 1.04277521e-01 9.48685467e-01 3.09813423e+01 0. 0.
      0. 1.</data></_>
  <_ type_id="opencv-matrix">
    <rows>4</rows>
    <cols>4</cols>
    <dt>f</dt>
    <data>
      7.19341278e-01 -6.25040829e-01 3.03106159e-01 -1.84845642e+02
      6.24563992e-01 7.72948503e-01 1.11676037e-01 -6.74474869e+01
      -3.04087609e-01 1.08975515e-01 9.46390688e-01 3.23738708e+01 0. 0.
      0. 1.</data></_>
  <_ type_id="opencv-matrix">
    <rows>4</rows>
    <cols>4</cols>
    <dt>f</dt>
    <data>
      7.07108319e-01 -6.36247814e-01 3.08525294e-01 -1.88156937e+02
      6.35750234e-01 7.63052046e-01 1.16508961e-01 -7.03806610e+01
      -3.09549510e-01 1.13760054e-01 9.44054008e-01 3.37919693e+01 0. 0.
      0. 1.</data></_>
  <_ type_id="opencv-matrix">
    <rows>4</rows>
    <cols>4</cols>
    <dt>f</dt>
    <data>
      6.94659948e-01 -6.47261202e-01 3.13849896e-01 -1.91410873e+02
      6.46742523e-01 7.52981365e-01 1.21426135e-01 -7.33653183e+01
      -3.14917654e-01 1.18629679e-01 9.41676199e-01 3.52352066e+01 0. 0.
      0. 1.</data></_>
  <_ type_id="opencv-matrix">
    <rows>4</rows>
    <cols>4</cols>
    <dt>f</dt>
    <data>
      6.81999981e-01 -6.58077717e-01 3.19078356e-01 -1.94606445e+02
      6.57537520e-01 7.42739558e-01 1.26426071e-01 -7.64005432e+01
      -3.20190430e-01 1.23582907e-01 9.39257979e-01 3.67031441e+01 0. 0.
      0. 1.</data></_>
  <_ type_id="opencv-matrix">
    <rows>4</rows>
    <cols>4</cols>
    <dt>f</dt>
    <data>
      6.69132233e-01 -6.68694079e-01 3.24209124e-01 -1.97742706e+02
      6.68132007e-01 7.32329607e-01 1.31507233e-01 -7.94854202e+01
      -3.25366169e-01 1.28618240e-01 9.36800122e-01 3.81953354e+01 0. 0.
      0. 1.</data></_>
  <_ type_id="opencv-matrix">
    <rows>4</rows>
    <cols>4</cols>
    <dt>f</dt>
    <data>
      6.56060696e-01 -6.79106951e-01 3.29240561e-01 -2.00818665e+02
      6.78522706e-01 7.21754789e-01 1.36668071e-01 -8.26190033e+01
      -3.30443323e-01 1.33734122e-01 9.34303284e-01 3.97113266e+01 0. 0.
      0. 1.</data></_>
  <_ type_id="opencv-matrix">
    <rows>4</rows>
    <cols>4</cols>
    <dt>f</dt>
    <data>
      6.42789304e-01 -6.89313233e-01 3.34171206e-01 -2.03833420e+02
      6.88706398e-01 7.11018264e-01 1.41907036e-01 -8.58003540e+01
      -3.35420370e-01 1.38929009e-01 9.31768298e-01 4.12506561e+01 0. 0.
      0. 1.</data></_>
  <_ type_id="opencv-matrix">
    <rows>4</rows>
    <cols>4</cols>
    <dt>f</dt>
    <data>
      6.29322112e-01 -6.99309826e-01 3.38999540e-01 -2.06786041e+02
      6.98680043e-01 7.00123370e-01 1.47222519e-01 -8.90284805e+01
      -3.40295792e-01 1.44201323e-01 9.29195881e-01 4.28128510e+01 0. 0.
      0. 1.</data></_>
  <_ type_id="opencv-matrix">
    <rows>4</rows>
    <cols>4</cols>
    <dt>f</dt>
    <data>
      6.15663290e-01 -7.09093690e-01 3.43724072e-01 -2.09675613e+02
      7.08440721e-01 6.89073443e-01 1.52612880e-01 -9.23024139e+01
      -3.45068097e-01 1.49549454e-01 9.26586866e-01 4.43974419e+01 0. 0.
      0. 1.</data></_>
  <_ type_id="opencv-matrix">
    <rows>4</rows>
    <cols>4</cols>
    <dt>f</dt>
    <data>
      6.01816893e-01 -7.18661726e-01 3.48343372e-01 -2.12501266e+02
      7.17985272e-01 6.77871764e-01 1.58076495e-01 -9.56211548e+01
      -3.49735796e-01 1.54971763e-01 9.23942029e-01 4.60039406e+01 0. 0.
      0. 1.</data></_>
  <_ type_id="opencv-matrix">
    <rows>4</rows>
    <cols>4</cols>
    <dt>f</dt>
    <data>
      5.87787151e-01 -7.28011131e-01 3.52856040e-01 -2.15262146e+02
      7.27310896e-01 6.66521788e-01 1.63611695e-01 -9.89836884e+01
      -3.54297519e-01 1.60466596e-01 9.21262145e-01 4.76318626e+01 0. 0.
      0. 1.</data></_>
  <_ type_id="opencv-matrix">
    <rows>4</rows>
    <cols>4</cols>
    <dt>f</dt>
    <data>
      5.73578358e-01 -7.37139046e-01 3.57260674e-01 -2.17957413e+02
      7.36414731e-01 6.55026913e-01 1.69216797e-01 -1.02389000e+02
      -3.58751833e-01 1.66032314e-01 9.18548048e-01 4.92807083e+01 0. 0.
      0. 1.</data></_>
  <_ type_id="opencv-matrix">
    <rows>4</rows>
    <cols>4</cols>
    <dt>f</dt>
    <data>
      5.59194922e-01 -7.46042728e-01 3.61555934e-01 -2.20586227e+02
      7.45293975e-01 6.43390715e-01 1.74890101e-01 -1.05836044e+02
      -3.63097399e-01 1.71667188e-01 9.15800631e-01 5.09499741e+01 0. 0.
      0. 1.</data></_>
  <_ type_id="opencv-matrix">
    <rows>4</rows>
    <cols>4</cols>
    <dt>f</dt>
    <data>
      5.44641078e-01 -7.54719377e-01 3.65740538e-01 -2.23147781e+02
      7.53945887e-01 6.31616712e-01 1.80629864e-01 -1.09323776e+02
      -3.67332906e-01 1.77369505e-01 9.13020670e-01 5.26391602e+01 0. 0.
      0. 1.</data></_>
  <_ type_id="opencv-matrix">
    <rows>4</rows>
    <cols>4</cols>
    <dt>f</dt>
    <data>
      5.29921353e-01 -7.63166428e-01 3.69813204e-01 -2.25641327e+02
      7.62367904e-01 6.19708478e-01 1.86434358e-01 -1.12851128e+02
      -3.71457040e-01 1.83137536e-01 9.10209000e-01 5.43477440e+01 0. 0.
      0. 1.</data></_>
  <_ type_id="opencv-matrix">
    <rows>4</rows>
    <cols>4</cols>
    <dt>f</dt>
    <data>
      5.15040219e-01 -7.71381199e-01 3.73772681e-01 -2.28066086e+02
      7.70557463e-01 6.07669711e-01 1.92301810e-01 -1.16417023e+02
      -3.75468552e-01 1.88969538e-01 9.07366514e-01 5.60752068e+01 0. 0.
      0. 1.</data></_>
  <_ type_id="opencv-matrix">
    <rows>4</rows>
    <cols>4</cols>
    <dt>f</dt>
    <data>
      5.00002205e-01 -7.79361308e-01 3.77617776e-01 -2.30421326e+02
      7.78512001e-01 5.95503986e-01 1.98230416e-01 -1.20020378e+02
      -3.79366249e-01 1.94863707e-01 9.04494047e-01 5.78210182e+01 0. 0.
      0. 1.</data></_>
  <_ type_id="opencv-matrix">
    <rows>4</rows>
    <cols>4</cols>
    <dt>f</dt>
    <data>
      4.84811872e-01 -7.87104309e-01 3.81347299e-01 -2.32706329e+02
      7.86229134e-01 5.83215117e-01 2.04218373e-01 -1.23660095e+02
      -3.83148909e-01 2.00818256e-01 9.01592553e-01 5.95846519e+01 0. 0.
      0. 1.</data></_>
  <_ type_id="opencv-matrix">
    <rows>4</rows>
    <cols>4</cols>
    <dt>f</dt>
    <data>
      4.69473869e-01 -7.94607818e-01 3.84960145e-01 -2.34920395e+02
      7.93706536e-01 5.70806742e-01 2.10263878e-01 -1.27335068e+02
      -3.86815399e-01 2.06831381e-01 8.98662806e-01 6.13655701e+01 0. 0.
      0. 1.</data></_>
  <_ type_id="opencv-matrix">
    <rows>4</rows>
    <cols>4</cols>
    <dt>f</dt>
    <data>
      4.53992873e-01 -8.01869512e-01 3.88455212e-01 -2.37062851e+02
      8.00941885e-01 5.58282614e-01 2.16365069e-01 -1.31044174e+02
      -3.90364587e-01 2.12901235e-01 8.95705700e-01 6.31632271e+01 0. 0.
      0. 1.</data></_>
  <_ type_id="opencv-matrix">
    <rows>4</rows>
    <cols>4</cols>
    <dt>f</dt>
    <data>
      4.38373566e-01 -8.08887124e-01 3.91831398e-01 -2.39133041e+02
      8.07933033e-01 5.45646667e-01 2.22520098e-01 -1.34786285e+02
      -3.93795401e-01 2.19025970e-01 8.92722249e-01 6.49770813e+01 0. 0.
      0. 1.</data></_>
  <_ type_id="opencv-matrix">
    <rows>4</rows>
    <cols>4</cols>
    <dt>f</dt>
    <data>
      4.22620714e-01 -8.15658689e-01 3.95087719e-01 -2.41130356e+02
      8.14677775e-01 5.32902718e-01 2.28727072e-01 -1.38560272e+02
      -3.97106797e-01 2.25203738e-01 8.89713228e-01 6.68065720e+01 0. 0.
      0. 1.</data></_>
  <_ type_id="opencv-matrix">
    <rows>4</rows>
    <cols>4</cols>
    <dt>f</dt>
    <data>
      4.06739146e-01 -8.22182000e-01 3.98223162e-01 -2.43054153e+02
      8.21174145e-01 5.20054579e-01 2.34984115e-01 -1.42364960e+02
      -4.00297731e-01 2.31432647e-01 8.86679649e-01 6.86511459e+01 0. 0.
      0. 1.</data></_>
  <_ type_id="opencv-matrix">
    <rows>4</rows>
    <cols>4</cols>
    <dt>f</dt>
    <data>
      3.90733689e-01 -8.28455150e-01 4.01236743e-01 -2.44903870e+02
      8.27420115e-01 5.07106245e-01 2.41289318e-01 -1.46199219e+02
      -4.03367281e-01 2.37710804e-01 8.83622408e-01 7.05102463e+01 0. 0.
      0. 1.</data></_>
  <_ type_id="opencv-matrix">
    <rows>4</rows>
    <cols>4</cols>
    <dt>f</dt>
    <data>
      3.74609172e-01 -8.34476233e-01 4.04127598e-01 -2.46678955e+02
      8.33413780e-01 4.94061619e-01 2.47640774e-01 -1.50061874e+02
      -4.06314492e-01 2.44036287e-01 8.80542457e-01 7.23833008e+01 0. 0.
      0. 1.</data></_>
  <_ type_id="opencv-matrix">
    <rows>4</rows>
    <cols>4</cols>
    <dt>f</dt>
    <data>
      3.58370572e-01 -8.40243340e-01 4.06894803e-01 -2.48378845e+02
      8.39153290e-01 4.80924696e-01 2.54036546e-01 -1.53951721e+02
      -4.09138471e-01 2.50407189e-01 8.77440691e-01 7.42697372e+01 0. 0.
      0. 1.</data></_>
  <_ type_id="opencv-matrix">
    <rows>4</rows>
    <cols>4</cols>
    <dt>f</dt>
    <data>
      3.42022806e-01 -8.45754743e-01 4.09537554e-01 -2.50003021e+02
      8.44636917e-01 4.67699438e-01 2.60474652e-01 -1.57867615e+02
      -4.11838382e-01 2.56821543e-01 8.74318063e-01 7.61689911e+01 0. 0.
      0. 1.</data></_>
  <_ type_id="opencv-matrix">
    <rows>4</rows>
    <cols>4</cols>
    <dt>f</dt>
    <data>
      3.25570881e-01 -8.51008773e-01 4.12054986e-01 -2.51550995e+02
      8.49863052e-01 4.54389900e-01 2.66953140e-01 -1.61808319e+02
      -4.14413363e-01 2.63277411e-01 8.71175528e-01 7.80804749e+01 0. 0.
      0. 1.</data></_>
  <_ type_id="opencv-matrix">
    <rows>4</rows>
    <cols>4</cols>
    <dt>f</dt>
    <data>
      3.09019744e-01 -8.56003881e-01 4.14446354e-01 -2.53022293e+02
      8.54830027e-01 4.41000164e-01 2.73470074e-01 -1.65772675e+02
      -4.16862637e-01 2.69772828e-01 8.68014097e-01 8.00036087e+01 0. 0.
      0. 1.</data></_>
  <_ type_id="opencv-matrix">
    <rows>4</rows>
    <cols>4</cols>
    <dt>f</dt>
    <data>
      2.92374521e-01 -8.60738516e-01 4.16710973e-01 -2.54416473e+02
      8.59536350e-01 4.27534252e-01 2.80023456e-01 -1.69759445e+02
      -4.19185460e-01 2.76305825e-01 8.64834607e-01 8.19378052e+01 0. 0.
      0. 1.</data></_>
  <_ type_id="opencv-matrix">
    <rows>4</rows>
    <cols>4</cols>
    <dt>f</dt>
    <data>
      2.75640219e-01 -8.65211189e-01 4.18848127e-01 -2.55733109e+02
      8.63980532e-01 4.13996309e-01 2.86611259e-01 -1.73767426e+02
      -4.21381146e-01 2.82874376e-01 8.61638129e-01 8.38824768e+01 0. 0.
      0. 1.</data></_>
  <_ type_id="opencv-matrix">
    <rows>4</rows>
    <cols>4</cols>
    <dt>f</dt>
    <data>
      2.58821934e-01 -8.69420528e-01 4.20857161e-01 -2.56971802e+02
      8.68161321e-01 4.00390416e-01 2.93231517e-01 -1.77795395e+02
      -4.23449010e-01 2.89476514e-01 8.58425677e-01 8.58370285e+01 0. 0.
      0. 1.</data></_>
  <_ type_id="opencv-matrix">
    <rows>4</rows>
    <cols>4</cols>
    <dt>f</dt>
    <data>
      2.41924822e-01 -8.73365402e-01 4.22737449e-01 -2.58132172e+02
      8.72077465e-01 3.86720747e-01 2.99882174e-01 -1.81842117e+02
      -4.25388396e-01 2.96110183e-01 8.55198145e-01 8.78008728e+01 0. 0.
      0. 1.</data></_>
  <_ type_id="opencv-matrix">
    <rows>4</rows>
    <cols>4</cols>
    <dt>f</dt>
    <data>
      2.24954039e-01 -8.77044499e-01 4.24488455e-01 -2.59213867e+02
      8.75727654e-01 3.72991443e-01 3.06561232e-01 -1.85906387e+02
      -4.27198738e-01 3.02773416e-01 8.51956546e-01 8.97733994e+01 0. 0.
      0. 1.</data></_>
  <_ type_id="opencv-matrix">
    <rows>4</rows>
    <cols>4</cols>
    <dt>f</dt>
    <data>
      2.07914725e-01 -8.80456626e-01 4.26109642e-01 -2.60216522e+02
      8.79110873e-01 3.59206736e-01 3.13266665e-01 -1.89986954e+02
      -4.28879499e-01 3.09464157e-01 8.48701835e-01 9.17540207e+01 0. 0.
      0. 1.</data></_>
  <_ type_id="opencv-matrix">
    <rows>4</rows>
    <cols>4</cols>
    <dt>f</dt>
    <data>
      1.90812066e-01 -8.83600831e-01 4.27600503e-01 -2.61139862e+02
      8.82226050e-01 3.45370770e-01 3.19996417e-01 -1.94082565e+02
      -4.30430114e-01 3.16180378e-01 8.45435023e-01 9.37421188e+01 0. 0.
      0. 1.</data></_>
  <_ type_id="opencv-matrix">
    <rows>4</rows>
    <cols>4</cols>
    <dt>f</dt>
    <data>
      1.73651308e-01 -8.86476099e-01 4.28960562e-01 -2.61983643e+02
      8.85072172e-01 3.31487775e-01 3.26748431e-01 -1.98191986e+02
      -4.31850165e-01 3.22920024e-01 8.42157066e-01 9.57371063e+01 0. 0.
      0. 1.</data></_>
  <_ type_id="opencv-matrix">
    <rows>4</rows>
    <cols>4</cols>
    <dt>f</dt>
    <data>
      1.56437635e-01 -8.89081657e-01 4.30189431e-01 -2.62747589e+02
      8.87648463e-01 3.17562014e-01 3.33520621e-01 -2.02313965e+02
      -4.33139235e-01 3.29681039e-01 8.38869035e-01 9.77383575e+01 0. 0.
      0. 1.</data></_>
  <_ type_id="opencv-matrix">
    <rows>4</rows>
    <cols>4</cols>
    <dt>f</dt>
    <data>
      1.39176309e-01 -8.91416609e-01 4.31286722e-01 -2.63431427e+02
      8.89954090e-01 3.03597718e-01 3.40310991e-01 -2.06447220e+02
      -4.34296876e-01 3.36461365e-01 8.35571945e-01 9.97452698e+01 0. 0.
      0. 1.</data></_>
  <_ type_id="opencv-matrix">
    <rows>4</rows>
    <cols>4</cols>
    <dt>f</dt>
    <data>
      1.21872611e-01 -8.93480301e-01 4.32252079e-01 -2.64034973e+02
      8.91988397e-01 2.89599121e-01 3.47117454e-01 -2.10590530e+02
      -4.35322762e-01 3.43258977e-01 8.32266688e-01 1.01757240e+02 0. 0.
      0. 1.</data></_>
  <_ type_id="opencv-matrix">
    <rows>4</rows>
    <cols>4</cols>
    <dt>f</dt>
    <data>
      1.04531780e-01 -8.95272076e-01 4.33085233e-01 -2.64558014e+02
      8.93750727e-01 2.75570482e-01 3.53937894e-01 -2.14742630e+02
      -4.36216563e-01 3.50071758e-01 8.28954399e-01 1.03773643e+02 0. 0.
      0. 1.</data></_>
  <_ type_id="opencv-matrix">
    <rows>4</rows>
    <cols>4</cols>
    <dt>f</dt>
    <data>
      8.71591046e-02 -8.96791458e-01 4.33785975e-01 -2.65000458e+02
      8.95240605e-01 2.61516094e-01 3.60770285e-01 -2.18902222e+02
      -4.36978012e-01 3.56897622e-01 8.25635970e-01 1.05793869e+02 0. 0.
      0. 1.</data></_>
  <_ type_id="opencv-matrix">
    <rows>4</rows>
    <cols>4</cols>
    <dt>f</dt>
    <data>
      6.97598755e-02 -8.98037910e-01 4.34354007e-01 -2.65362122e+02
      8.96457493e-01 2.47440204e-01 3.67612511e-01 -2.23068069e+02
      -4.37606931e-01 3.63734543e-01 8.22312474e-01 1.07817307e+02 0. 0.
      0. 1.</data></_>
  <_ type_id="opencv-matrix">
    <rows>4</rows>
    <cols>4</cols>
    <dt>f</dt>
    <data>
      5.23394048e-02 -8.99011075e-01 4.34789211e-01 -2.65642883e+02
      8.97401035e-01 2.33347118e-01 3.74462485e-01 -2.27238876e+02
      -4.38103050e-01 3.70580375e-01 8.18984985e-01 1.09843330e+02 0. 0.
      0. 1.</data></_>
  <_ type_id="opencv-matrix">
    <rows>4</rows>
    <cols>4</cols>
    <dt>f</dt>
    <data>
      3.49029899e-02 -8.99710596e-01 4.35091436e-01 -2.65842682e+02
      8.98070991e-01 2.19241142e-01 3.81318122e-01 -2.31413391e+02
      -4.38466251e-01 3.77433062e-01 8.15654397e-01 1.11871330e+02 0. 0.
      0. 1.</data></_>
  <_ type_id="opencv-matrix">
    <rows>4</rows>
    <cols>4</cols>
    <dt>f</dt>
    <data>
      1.74559467e-02 -9.00136292e-01 4.35260624e-01 -2.65961456e+02
      8.98467124e-01 2.05126569e-01 3.88177395e-01 -2.35590332e+02
      -4.38696444e-01 3.84290546e-01 8.12321782e-01 1.13900681e+02 0. 0.
      0. 1.</data></_>
  <_ type_id="opencv-matrix">
    <rows>4</rows>
    <cols>4</cols>
    <dt>f</dt>
    <data>
      3.58629040e-06 -9.00288105e-01 4.35296685e-01 -2.65999176e+02
      8.98589313e-01 1.91007704e-01 3.95038128e-01 -2.39768433e+02
      -4.38793540e-01 3.91150713e-01 8.08988214e-01 1.15930779e+02 0. 0.
      0. 1.</data></_>
  <_ type_id="opencv-matrix">
    <rows>4</rows>
    <cols>4</cols>
    <dt>f</dt>
    <data>
      -1.74487755e-02 -9.00165975e-01 4.35199618e-01 -2.65955841e+02
      8.98437560e-01 1.76888838e-01 4.01898295e-01 -2.43946411e+02
      -4.38757509e-01 3.98011446e-01 8.05654585e-01 1.17960999e+02 0. 0.
      0. 1.</data></_>
  <_ type_id="opencv-matrix">
    <rows>4</rows>
    <cols>4</cols>
    <dt>f</dt>
    <data>
      -3.48958224e-02 -8.99769843e-01 4.34969455e-01 -2.65831421e+02
      8.98011863e-01 1.62774265e-01 4.08755779e-01 -2.48123016e+02
      -4.38588351e-01 4.04870719e-01 8.02321970e-01 1.19990715e+02 0. 0.
      0. 1.</data></_>
  <_ type_id="opencv-matrix">
    <rows>4</rows>
    <cols>4</cols>
    <dt>f</dt>
    <data>
      -5.23322374e-02 -8.99099886e-01 4.34606254e-01 -2.65625977e+02
      8.97312343e-01 1.48668289e-01 4.15608466e-01 -2.52296967e+02
      -4.38286126e-01 4.11726385e-01 7.98991382e-01 1.22019318e+02 0. 0.
      0. 1.</data></_>
  <_ type_id="opencv-matrix">
    <rows>4</rows>
    <cols>4</cols>
    <dt>f</dt>
    <data>
      -6.97527155e-02 -8.98156345e-01 4.34110135e-01 -2.65339569e+02
      8.96339178e-01 1.34575218e-01 4.22454298e-01 -2.56467010e+02
      -4.37850922e-01 4.18576360e-01 7.95663834e-01 1.24046188e+02 0. 0.
      0. 1.</data></_>
  <_ type_id="opencv-matrix">
    <rows>4</rows>
    <cols>4</cols>
    <dt>f</dt>
    <data>
      -8.71519372e-02 -8.96939516e-01 4.33481276e-01 -2.64972290e+02
      8.95092726e-01 1.20499328e-01 4.29291219e-01 -2.60631866e+02
      -4.37282890e-01 4.25418586e-01 7.92340398e-01 1.26070702e+02 0. 0.
      0. 1.</data></_>
  <_ type_id="opencv-matrix">
    <rows>4</rows>
    <cols>4</cols>
    <dt>f</dt>
    <data>
      -1.04524620e-01 -8.95449698e-01 4.32719827e-01 -2.64524231e+02
      8.93573403e-01 1.06444918e-01 4.36117113e-01 -2.64790253e+02
      -4.36582178e-01 4.32250977e-01 7.89021969e-01 1.28092239e+02 0. 0.
      0. 1.</data></_>
  <_ type_id="opencv-matrix">
    <rows>4</rows>
    <cols>4</cols>
    <dt>f</dt>
    <data>
      -1.21865459e-01 -8.93687367e-01 4.31826025e-01 -2.63995544e+02
      8.91781628e-01 9.24162716e-02 4.42929864e-01 -2.68940857e+02
      -4.35749024e-01 4.39071417e-01 7.85709679e-01 1.30110199e+02 0. 0.
      0. 1.</data></_>
  <_ type_id="opencv-matrix">
    <rows>4</rows>
    <cols>4</cols>
    <dt>f</dt>
    <data>
      -1.39169186e-01 -8.91653121e-01 4.30800140e-01 -2.63386444e+02
      8.89717937e-01 7.84176588e-02 4.49727476e-01 -2.73082458e+02
      -4.34783667e-01 4.45877850e-01 7.82404482e-01 1.32123962e+02 0. 0.
      0. 1.</data></_>
  <_ type_id="opencv-matrix">
    <rows>4</rows>
    <cols>4</cols>
    <dt>f</dt>
    <data>
      -1.56430528e-01 -8.89347494e-01 4.29642528e-01 -2.62697021e+02
      8.87382984e-01 6.44533336e-02 4.56507802e-01 -2.77213837e+02
      -4.33686405e-01 4.52668220e-01 7.79107332e-01 1.34132919e+02 0. 0.
      0. 1.</data></_>
  <_ type_id="opencv-matrix">
    <rows>4</rows>
    <cols>4</cols>
    <dt>f</dt>
    <data>
      -1.73644200e-01 -8.86771202e-01 4.28353488e-01 -2.61927521e+02
      8.84777486e-01 5.05275577e-02 4.63268846e-01 -2.81333710e+02
      -4.32457566e-01 4.59440440e-01 7.75819302e-01 1.36136444e+02 0. 0.
      0. 1.</data></_>
  <_ type_id="opencv-matrix">
    <rows>4</rows>
    <cols>4</cols>
    <dt>f</dt>
    <data>
      -1.90804973e-01 -8.83925021e-01 4.26933438e-01 -2.61078217e+02
      8.81902218e-01 3.66445780e-02 4.70008522e-01 -2.85440796e+02
      -4.31097537e-01 4.66192454e-01 7.72541344e-01 1.38133926e+02 0. 0.
      0. 1.</data></_>
  <_ type_id="opencv-matrix">
    <rows>4</rows>
    <cols>4</cols>
    <dt>f</dt>
    <data>
      -2.07907632e-01 -8.80809903e-01 4.25382793e-01 -2.60149292e+02
      8.78758013e-01 2.28086188e-02 4.76724744e-01 -2.89533844e+02
      -4.29606706e-01 4.72922206e-01 7.69274533e-01 1.40124786e+02 0. 0.
      0. 1.</data></_>
  <_ type_id="opencv-matrix">
    <rows>4</rows>
    <cols>4</cols>
    <dt>f</dt>
    <data>
      -2.24946961e-01 -8.77426744e-01 4.23702061e-01 -2.59141113e+02
      8.75345886e-01 9.02389176e-03 4.83415484e-01 -2.93611603e+02
      -4.27985549e-01 4.79627609e-01 7.66019821e-01 1.42108383e+02 0. 0.
      0. 1.</data></_>
  <_ type_id="opencv-matrix">
    <rows>4</rows>
    <cols>4</cols>
    <dt>f</dt>
    <data>
      -2.41917759e-01 -8.73776555e-01 4.21891719e-01 -2.58053925e+02
      8.71666908e-01 -4.70540067e-03 4.90078747e-01 -2.97672882e+02
      -4.26234543e-01 4.86306697e-01 7.62778163e-01 1.44084122e+02 0. 0.
      0. 1.</data></_>
  <_ type_id="opencv-matrix">
    <rows>4</rows>
    <cols>4</cols>
    <dt>f</dt>
    <data>
      -2.58814871e-01 -8.69860530e-01 4.19952333e-01 -2.56888092e+02
      8.67722094e-01 -1.83750764e-02 4.96712416e-01 -3.01716370e+02
      -4.24354255e-01 4.92957354e-01 7.59550631e-01 1.46051407e+02 0. 0.
      0. 1.</data></_>
  <_ type_id="opencv-matrix">
    <rows>4</rows>
    <cols>4</cols>
    <dt>f</dt>
    <data>
      -2.75633156e-01 -8.65679741e-01 4.17884499e-01 -2.55643936e+02
      8.63512695e-01 -3.19809727e-02 5.03314555e-01 -3.05740906e+02
      -4.22345221e-01 4.99577612e-01 7.56338120e-01 1.48009644e+02 0. 0.
      0. 1.</data></_>
  <_ type_id="opencv-matrix">
    <rows>4</rows>
    <cols>4</cols>
    <dt>f</dt>
    <data>
      -2.92367458e-01 -8.61235440e-01 4.15688843e-01 -2.54321869e+02
      8.59039962e-01 -4.55189459e-02 5.09883106e-01 -3.09745239e+02
      -4.20208097e-01 5.06165445e-01 7.53141642e-01 1.49958237e+02 0. 0.
      0. 1.</data></_>
  <_ type_id="opencv-matrix">
    <rows>4</rows>
    <cols>4</cols>
    <dt>f</dt>
    <data>
      -3.09012741e-01 -8.56529117e-01 4.13366020e-01 -2.52922287e+02
      8.54305327e-01 -5.89848720e-02 5.16416073e-01 -3.13728149e+02
      -4.17943478e-01 5.12718856e-01 7.49962151e-01 1.51896576e+02 0. 0.
      0. 1.</data></_>
  <_ type_id="opencv-matrix">
    <rows>4</rows>
    <cols>4</cols>
    <dt>f</dt>
    <data>
      -3.25563878e-01 -8.51562202e-01 4.10916746e-01 -2.51445602e+02
      8.49310219e-01 -7.23746493e-02 5.22911489e-01 -3.17688385e+02
      -4.15552080e-01 5.19235790e-01 7.46800661e-01 1.53824066e+02 0. 0.
      0. 1.</data></_>
  <_ type_id="opencv-matrix">
    <rows>4</rows>
    <cols>4</cols>
    <dt>f</dt>
    <data>
      -3.42015833e-01 -8.46336067e-01 4.08341765e-01 -2.49892273e+02
      8.44056129e-01 -8.56841952e-02 5.29367328e-01 -3.21624756e+02
      -4.13034618e-01 5.25714338e-01 7.43658185e-01 1.55740158e+02 0. 0.
      0. 1.</data></_>
  <_ type_id="opencv-matrix">
    <rows>4</rows>
    <cols>4</cols>
    <dt>f</dt>
    <data>
      -3.58363599e-01 -8.40852439e-01 4.05641884e-01 -2.48262772e+02
      8.38544667e-01 -9.89094526e-02 5.35781682e-01 -3.25536102e+02
      -4.10391897e-01 5.32152414e-01 7.40535557e-01 1.57644226e+02 0. 0.
      0. 1.</data></_>
  <_ type_id="opencv-matrix">
    <rows>4</rows>
    <cols>4</cols>
    <dt>f</dt>
    <data>
      -3.74602199e-01 -8.35112929e-01 4.02817905e-01 -2.46557602e+02
      8.32777560e-01 -1.12046398e-01 5.42152584e-01 -3.29421234e+02
      -4.07624692e-01 5.38548172e-01 7.37433791e-01 1.59535706e+02 0. 0.
      0. 1.</data></_>
  <_ type_id="opencv-matrix">
    <rows>4</rows>
    <cols>4</cols>
    <dt>f</dt>
    <data>
      -3.90726715e-01 -8.29119265e-01 3.99870694e-01 -2.44777283e+02
      8.26756537e-01 -1.25091031e-01 5.48478007e-01 -3.33278931e+02
      -4.04733866e-01 5.44899642e-01 7.34353781e-01 1.61414032e+02 0. 0.
      0. 1.</data></_>
  <_ type_id="opencv-matrix">
    <rows>4</rows>
    <cols>4</cols>
    <dt>f</dt>
    <data>
      -4.06732172e-01 -8.22873354e-01 3.96801174e-01 -2.42922348e+02
      8.20483387e-01 -1.38039380e-01 5.54756165e-01 -3.37108032e+02
      -4.01720285e-01 5.51204860e-01 7.31296539e-01 1.63278625e+02 0. 0.
      0. 1.</data></_>
  <_ type_id="opencv-matrix">
    <rows>4</rows>
